3.19107
3.11085
3.09529
3.07785
3.10671
3.08737
3.08971
3.10469
3.10306
3.04791
3.09999
3.09537
3.11137
3.10871
3.10318
3.0921
3.07944
3.09499
3.11247
3.09834
3.06877
3.09543
3.16758
3.09675
3.09138
3.09877
3.16115
3.10608
3.01504
3.07912
3.10095
3.09535
3.08357
3.09713
3.10375
3.10925
3.18435
3.08639
3.09126
3.09111
3.0862
3.09358
3.05989
3.19622
3.0981
3.07939
3.09025
3.09957
3.09172
3.10782
3.06475
3.12675
3.11549
3.00873
3.03004
3.10106
3.13453
3.12251
3.09274
3.10552
3.13279
3.10361
3.11817
3.06475
3.0985
3.08991
3.11626
3.09587
3.10669
3.10221
3.07928
3.13033
3.09776
3.08073
3.10454
3.09505
3.13495
3.09968
3.11307
3.09934
3.10637
3.09578
3.10519
3.15182
3.17405
3.10224
3.10306
3.11035
3.0061
3.11725
3.09658
3.09414
3.09441
3.08201
3.08973
3.11034
3.10468
3.09835
3.09957
3.12958
3.08033
3.11144
3.11774
3.09308
3.11015
3.00444
3.09412
3.04436
3.07957
3.10917
3.10323
3.09886
3.08916
3.08527
3.11758
3.09217
3.16187
3.07012
3.15712
3.07431
3.10226
3.09436
3.11115
3.12337
3.10584
3.10461
3.11772
3.09404
3.14138
3.08507
3.08181
3.08414
3.06982
3.08847
3.09567
3.10223
3.09985
3.11135
3.18999
3.09528
3.15976
3.0804
3.10421
3.00224
3.19355
3.10387
3.11886
3.14519
3.12382
3.08109
3.09801
3.16628
3.13857
3.08343
3.08008
3.0891
3.08436
3.09712
3.08431
3.09627
3.12585
3.09694
3.07141
3.10087
3.11067
3.10158
3.08514
3.09917
3.08664
3.08711
3.09283
3.08355
3.13954
3.09456
3.11729
3.10981
3.11437
3.11415
3.10879
3.09326
3.10224
3.12391
3.0712
3.16592
3.09645
3.09901
3.10938
3.09646
3.0807
3.01705
3.08465
3.15165
3.09841
3.10089
3.09473
3.10174
3.07542
3.08159
3.10191
3.09653
3.11303
3.10802
3.10256
3.09691
3.06727
3.09149
3.07704
3.02279
3.09229
3.10767
3.13413
3.1036
3.0885
3.10907
3.097
3.01083
3.0759
3.04403
3.13779
3.09821
3.08744
3.08504
3.09906
3.06248
3.11083
3.04415
3.08051
3.09377
3.09691
3.11087
3.15164
3.09564
3.07789
3.06012
3.10045
3.09821
3.1017
3.15077
3.12378
3.10081
3.10189
3.10674
3.10683
3.00192
3.10234
3.15008
3.10672
3.09815
3.09925
3.09689
3.09293
3.08987
3.08208
3.08621
3.19236
3.1175
3.09202
3.09341
3.0927
3.10234
3.10932
3.1076
3.08859
3.10044
3.09202
3.09185
3.13869
3.10639
3.09533
3.09657
3.15788
3.13436
3.09624
3.08584
3.14219
3.09518
3.10801
3.09061
3.04506
3.10477
3.08932
3.09085
3.1157
3.0947
3.1431
3.09156
3.14399
3.14985
3.09046
3.10538
3.04589
3.11195
3.10114
3.09124
3.09904
3.0985
3.09862
3.15715
3.10745
3.08567
3.0873
3.11221
3.10311
3.14174
3.10921
3.09474
3.09733
3.08211
3.04395
3.08491
3.09528
3.0874
3.09037
3.12239
3.11658
3.0985
3.09515
3.09866
3.08044
3.09388
3.10626
3.10281
3.09782
3.0652
3.09988
3.12609
3.12221
3.10663
3.09334
3.00441
3.06128
3.09481
3.1058
3.10823
3.0979
3.10417
3.09844
3.08921
3.14513
3.10339
3.09506
3.09314
3.08022
3.10408
3.09491
3.07906
3.11323
3.10119
3.15809
3.10407
3.09619
3.09909
3.11822
3.16859
3.08597
3.11796
3.09651
3.10116
3.06326
3.15391
3.09107
3.09179
3.08783
3.09158
3.09814
3.0984
3.18247
3.09599
3.08779
3.12207
3.09614
3.10464
3.08588
3.09313
3.07902
3.09384
3.07691
3.09389
3.09454
3.09014
3.08707
3.16398
3.08248
3.08932
3.1223
3.10751
3.08778
3.10087
3.1313
3.08496
3.11556
3.14341
3.08642
3.12159
3.09213
3.08727
3.10168
3.09285
3.08323
3.1264
3.12423
3.10111
3.09514
3.11221
3.1035
3.0898
3.07796
3.14303
3.09978
3.0785
3.08859
3.09825
3.10653
3.12251
3.08874
3.08083
3.13825
3.10931
3.10998
3.11028
3.0893
3.09
3.08641
3.11554
3.11765
3.01178
3.10362
3.0984
3.10329
3.11205
3.19364
3.02345
3.11252
3.09265
3.10619
3.09832
3.07848
3.10351
3.13407
3.12838
3.11097
3.10255
3.07265
3.09087
3.09245
3.09913
3.09669
3.10081
3.11639
3.04768
3.08222
3.02771
3.09369
3.1018
3.07765
3.10622
3.09632
3.08691
3.08375
3.09625
3.18849
3.1079
3.1024
3.09922
3.09233
3.08184
3.19409
3.0935
3.13822
3.0902
3.09011
3.08616
3.10935
3.09915
3.09522
3.09974
3.10686
3.1194
3.14888
3.10545
3.11122
3.10099
3.0775
3.09084
3.09389
3.10678
3.09976
3.10894
3.09339
3.0848
3.10023
3.04889
3.0934
3.09428
3.11244
3.08929
3.11783
3.09811
3.10247
3.10039
3.0928
3.10826
3.04712
3.10425
3.10966
3.09071
3.10894
3.09894
3.05961
3.19617
3.10302
3.10199
3.08367
3.10471
3.10596
3.12002
3.07604
3.10417
3.09342
3.10777
3.08486
3.08759
3.10439
3.13046
3.0897
3.1324
3.09597
3.13073
3.07915
3.09752
3.09151
3.08984
3.08802
3.10525
3.08858
3.12874
3.06733
3.11623
3.12571
3.09181
3.10929
3.113
3.10179
3.13991
3.12221
3.08778
3.10347
3.08827
3.08107
3.0863
3.10769
3.10613
3.10476
3.09189
3.1177
3.14319
3.10702
3.09805
3.08329
3.10958
3.06599
3.10021
3.11195
3.10167
3.04946
3.10319
3.0833
3.0922
3.11622
3.08434
3.08776
3.10485
3.10262
3.08994
3.09907
3.09077
3.12061
3.07765
3.15081
3.09767
3.09875
3.08739
3.08876
3.06454
3.07963
3.10645
3.0301
3.16061
3.09616
3.09897
3.09723
3.11189
3.10081
3.10562
3.1798
3.10144
3.09439
3.12364
3.10446
3.09651
3.10317
3.07136
3.03697
3.10952
3.15345
3.10165
3.10959
3.09225
3.09537
3.09132
3.10565
3.08419
3.08726
3.10477
3.19181
3.07895
3.10722
3.08038
3.08658
3.07266
3.11792
3.1064
3.09091
3.1005
3.07916
3.0875
3.09874
3.10486
3.10135
3.09224
3.10215
3.11352
3.0784
3.12473
3.11888
3.06662
3.11232
3.09747
3.11574
3.07432
3.10609
3.07639
3.10391
3.10392
3.10703
3.03721
3.18578
3.12095
3.09641
3.10479
3.10069
3.0909
3.09246
3.11923
3.10776
3.09935
3.04331
3.03911
3.10247
3.04708
3.19171
3.08378
3.1209
3.10509
3.09137
3.1058
3.09757
3.08847
3.09603
3.15017
3.11963
3.15409
3.14903
3.10536
3.09107
3.09676
3.10755
3.0856
3.07722
3.09964
3.10813
3.09993
3.09404
3.13549
3.08077
3.09829
3.13564
3.10414
3.10184
3.16143
3.12373
3.08871
3.09552
3.09294
3.12519
3.00308
3.09854
3.09673
3.15085
3.1039
3.0746
3.08914
3.09538
3.07211
3.08923
3.15017
3.09145
3.09769
3.16857
3.1038
3.11315
3.15222
3.09406
3.10742
3.10059
3.1012
3.14825
3.09762
3.09603
3.14162
3.11945
3.10335
3.09852
3.12102
3.09124
3.11514
3.07669
3.11571
3.13388
3.09793
3.0884
3.1646
3.08427
3.13576
3.10902
3.1742
3.10063
3.15996
3.08406
3.10848
3.09308
3.09872
3.04755
3.10204
3.08841
3.09356
3.08886
3.09046
3.09753
3.09036
3.09782
3.10527
3.1189
3.15072
3.11293
3.09693
3.10694
3.09978
3.10339
3.08857
3.09863
3.11689
3.10079
3.10813
3.11395
3.09038
3.10078
3.07704
3.10335
3.10827
3.07687
3.08315
3.11592
3.10577
3.10126
3.10862
3.09873
3.11502
3.08553
3.09891
3.12114
3.09494
3.08429
3.09594
3.13397
3.10106
3.12838
3.17267
3.08196
3.09955
3.0961
3.10442
3.0816
3.1523
3.10401
3.18706
3.09074
3.11169
3.09261
3.09831
3.10473
3.08085
3.07985
3.09343
3.10038
3.12527
3.094
3.09639
3.10107
3.0823
3.11286
3.1143
3.11039
3.10005
3.07736
3.09344
3.06352
3.11714
3.15506
3.10098
3.09335
3.10505
3.10227
3.05396
3.06155
3.08948
3.08729
3.08864
3.09767
3.07182
3.08844
3.09535
3.09987
3.09838
3.09759
3.01189
3.09811
3.11041
3.12528
3.11001
3.11129
3.08268
3.0971
3.09357
3.05632
3.10109
3.11141
3.13696
3.12015
3.09728
3.09335
3.0774
3.05966
3.09293
3.10604
3.1243
3.18512
3.12056
3.11347
3.11599
3.09665
3.0792
3.09722
3.08958
3.09348
3.09997
3.0412
3.08805
3.1143
3.09582
3.0911
3.09674
3.09821
3.14154
3.09098
3.09498
3.10964
3.10221
3.05132
3.10961
3.09418
3.16279
3.08311
3.07248
3.09878
3.08993
3.09204
3.09665
3.10588
3.10557
3.05323
3.10033
3.10552
3.09604
3.0903
3.09311
3.11155
3.10168
3.07772
3.08424
3.11716
3.13216
3.09341
3.01808
3.09077
3.13951
3.10361
3.09839
3.167
3.10016
3.03824
3.1087
3.10343
3.09695
3.07489
3.10925
3.13846
3.09097
3.1665
3.07118
3.05566
3.13645
3.09329
3.08862
3.01365
3.08502
3.09927
3.10341
3.10782
3.01494
3.09675
3.05882
3.11362
3.10292
3.09468
3.09308
3.09708
3.11523
3.08365
3.06709
3.0357
3.10914
3.01919
3.08514
3.09157
3.10608
3.10082
3.08949
3.08158
3.10782
3.12523
3.11161
3.122
3.10605
3.08807
3.10319
3.09175
3.10145
3.10819
3.09424
3.18485
3.09358
3.09339
3.10216
3.08218
3.11011
3.09938
3.09001
3.09529
3.08494
3.10142
3.08945
3.08877
3.07551
3.08912
3.10366
3.10219
3.09004
3.15107
3.0992
3.1016
3.10568
3.09964
3.11626
3.07753
3.08745
3.09422
3.09927
3.06457
3.10943
3.09912
3.09062
3.0723
3.10107
3.09833
3.11401
3.13438
3.04158
3.09163
3.09928
3.11039
3.08604
3.1205
3.0898
3.10859
3.12188
3.1923
3.15342
3.10534
3.08318
3.18964
3.10214
3.10025
3.08593
3.10309
3.09974
3.07655
3.09958
3.13349
3.10013
3.08183
3.09564
3.13539
3.10026
3.09514
3.11932
3.11166
3.10625
3.08279
3.10632
3.10587
3.18144
3.09088
3.09135
3.11086
3.07923
3.08238
3.08809
3.08254
3.11177
3.08292
3.09986
3.0758
3.13958
3.0583
3.10231
3.03342
3.10509
3.10025
3.09857
3.09716
3.08785
3.0798
3.10448
3.1516
3.10603
3.18881
3.10084
3.09574
3.11284
3.09778
3.06001
3.09161
3.0835
3.01286
3.08141
3.09829
3.1033
3.15316
3.10213
3.17777
3.13405
3.09173
3.0815
3.10474
3.13229
3.10587
3.09939
3.09887
3.12274
3.09997
3.10966
3.12519
3.09804
3.10633
3.15857
3.00965
3.09419
3.09749
3.16939
3.09756
3.14182
3.08969
3.09987
3.10199
3.10348
3.09882
3.06562
3.03753
3.10585
3.09248
3.11017
3.09079
3.10833
3.09329
3.06692
3.10024
3.08942
3.08264
3.09807
3.11319
3.19463
3.08624
3.04534
3.13721
3.09269
3.09999
3.13502
3.16361
3.10046
3.102
3.08197
3.10084
3.09329
3.08994
3.10093
3.09521
3.10166
3.10909
3.0939
3.09938
3.10949
3.09261
3.12981
3.10518
3.08991
3.08759
3.09536
3.08057
3.09745
3.10331
3.1104
3.1184
3.09274
3.11138
3.12426
3.18546
3.10655
3.11242
3.10457
3.11331
3.11818
3.09945
3.09629
3.11243
3.1007
3.10333
3.10442
3.13069
3.10018
3.11113
3.08963
3.07944
3.09178
3.09603
3.1354
3.08934
3.10714
3.10926
3.13194
3.10116
3.08734
3.11055
3.11294
3.09156
3.10668
3.08349
3.08766
3.09909
3.10476
3.08831
3.10278
3.09991
3.10773
3.10741
3.09945
3.09122
3.13426
3.0887
3.10823
3.08217
3.07447
3.09817
3.08911
3.09194
3.09033
3.07784
3.07455
3.09336
3.08627
3.14004
3.09577
3.08994
3.10118
3.00528
3.09841
3.09152
3.09537
3.09701
3.10543
3.09364
3.08974
3.1146
3.09958
3.08869
3.10894
3.0927
3.0972
3.10142
3.14118
3.09889
3.09528
3.09735
3.10672
3.09811
3.14718
3.08947
3.07654
3.08771
3.0609
3.0267
3.05488
3.1034
3.09677
3.08555
3.1066
3.10029
3.00872
3.09992
3.04307
3.12559
3.09844
3.05833
3.09606
3.09435
3.08203
3.08906
3.09605
3.05982
3.06817
3.14344
3.10292
3.09326
3.16868
3.12959
3.0838
3.08393
3.15572
3.07723
3.10629
3.11206
3.05841
3.12912
3.0304
3.12262
3.0681
3.10563
3.09013
3.10469
3.08844
3.0771
3.19716
3.19141
3.10123
3.11012
3.09751
3.113
3.09782
3.12195
3.10031
3.09301
3.10465
3.09413
3.08223
3.04492
3.08839
3.09595
3.11072
3.09118
3.09312
3.10794
3.13798
3.14468
3.08079
3.09788
3.10465
3.06615
3.10098
3.098
3.10421
3.09008
3.08378
3.05473
3.10441
3.11224
3.08456
3.09248
3.10529
3.08877
3.09291
3.08825
3.11059
3.08953
3.12839
3.10176
3.08792
3.12198
3.03316
3.10174
3.09529
3.09499
3.10178
3.09166
3.09988
3.08728
3.09932
3.09493
3.10596
3.09542
3.09539
3.09206
3.09083
3.16614
3.06658
3.10314
3.19807
3.13581
3.0497
3.09416
3.10483
3.09438
3.08668
3.15751
3.04468
3.09228
3.14234
3.07813
3.11094
3.09138
3.10036
3.09847
3.10288
3.09661
3.13932
3.09074
3.08896
3.09788
3.12229
3.02989
3.13752
3.0888
3.08754
3.101
3.08794
3.10412
3.10904
3.17756
3.12672
3.109
3.09475
3.15386
3.10382
3.10289
3.09366
3.09316
3.05515
3.09899
3.08554
3.08603
3.0891
3.18478
3.1213
3.09899
3.14441
3.05982
3.15368
3.08955
3.10959
3.09888
3.18152
3.08676
3.11532
3.07692
3.08924
3.08251
3.10322
3.0751
3.09531
3.10312
3.08768
3.10652
3.09382
3.13232
3.10169
3.10384
3.10378
3.10832
3.07088
3.09963
3.09484
3.09024
3.09409
3.10284
3.08786
3.08849
3.10424
3.12223
3.09739
3.12108
3.09717
3.09862
3.10664
3.09115
3.08307
3.10143
3.08679
3.0792
3.09517
3.09743
3.08878
3.12537
3.15196
3.10687
3.10368
3.08428
3.05456
3.10824
3.08936
3.10089
3.19655
3.07388
3.10538
3.10034
3.10651
3.10126
3.10575
3.09127
3.0986
3.14271
3.10185
3.09789
3.106
3.09677
3.09491
3.06599
3.10006
3.10648
3.09722
3.08649
3.08368
3.09872
3.1006
3.09768
3.09442
3.07275
3.09428
3.11297
3.08575
3.08133
3.08402
3.09333
3.11029
3.09952
3.11151
3.10313
3.06632
3.06586
3.09697
3.09226
3.08501
3.08643
3.10743
3.10512
3.0807
3.08377
3.07314
3.07561
3.10001
3.09499
3.096
3.19821
3.12368
3.08873
3.11614
3.10659
3.10067
3.09271
3.09244
3.09792
3.10353
3.08762
3.09109
3.11757
3.17562
3.07277
3.09945
3.10104
3.09493
3.07956
3.09971
3.11767
3.09844
3.06138
3.09441
3.11937
3.0961
3.03638
3.05034
3.07458
3.08428
3.09975
3.09541
3.09433
3.10765
3.11791
3.10996
3.09102
3.07168
3.078
3.10071
3.0499
3.09948
3.10927
3.10678
3.07037
3.08705
3.10705
3.09433
3.10539
3.09004
3.08385
3.13832
3.10243
3.09748
3.16082
3.04605
3.106
3.10146
3.0911
3.10577
3.08811
3.08321
3.10645
3.16702
3.04943
3.10224
3.06101
3.08848
3.11898
3.0915
3.10235
3.11638
3.07477
3.04114
3.12022
3.12907
3.08922
3.04973
3.07846
3.06233
3.11241
3.13457
3.17753
3.08996
3.10684
3.12838
3.10281
3.06805
3.09193
3.0942
3.07691
3.10241
3.09443
3.08034
3.17928
3.10092
3.09671
3.09723
3.09927
3.10054
3.10784
3.08738
3.11109
3.12202
3.13016
3.09597
3.04923
3.08705
3.08953
3.09889
3.0842
3.15012
3.0977
3.08277
3.09797
3.08252
3.08903
3.09496
3.08975
3.10864
3.0954
3.06909
3.10947
3.09464
3.10208
3.10291
3.09575
3.1198
3.10761
3.07744
3.10754
3.09908
3.0979
3.10251
3.0964
3.09695
3.07849
3.09098
3.08267
3.09328
3.09697
3.11391
3.08674
3.08965
3.10395
3.07179
3.03983
3.111
3.19443
3.07776
3.10293
3.12707
3.09317
3.10859
3.08124
3.08148
3.09729
3.10153
3.098
3.09446
3.10676
3.09058
3.1615
3.10996
3.09806
3.07811
3.13407
3.10778
3.09547
3.09801
3.10624
3.09042
3.11496
3.19155
3.11325
3.17048
3.08776
3.11688
3.1181
3.09832
3.04542
3.18503
3.12536
3.11
3.1085
3.11337
3.13765
3.10109
3.09276
3.09585
3.11338
3.1125
3.10135
3.07008
3.09869
3.10071
3.04968
3.0739
3.02473
3.08556
3.11413
3.10871
3.12576
3.10884
3.10166
3.11341
3.02039
3.09084
3.11439
3.17046
3.09776
3.13023
3.10369
3.09472
3.1008
3.09238
3.10003
3.10441
3.08752
3.09456
3.0873
3.19602
3.08493
3.08377
3.09579
3.10041
3.10001
3.11271
3.09716
3.02661
3.09828
3.06761
3.09901
3.11204
3.09994
3.10068
3.09883
3.0978
3.09733
3.12344
3.09918
3.06339
3.13071
3.08747
3.07879
3.18529
3.09898
3.06687
3.09596
3.10452
3.08996
3.09403
3.07755
3.07679
3.08929
3.11447
3.07403
3.10357
3.09248
3.09762
3.08641
3.13658
3.12263
3.08131
3.08044
3.06741
3.09405
3.12424
3.12045
3.08009
3.08635
3.09915
3.01568
3.17729
3.09043
3.09096
3.10357
3.11231
3.1047
3.09603
3.15519
3.07794
3.09943
3.07069
3.09684
3.12945
3.06674
3.11312
3.08436
3.09893
3.02126
3.09188
3.0859
3.08876
3.10597
3.10198
3.11133
3.09133
3.09999
3.09839
3.0919
3.02497
3.08911
3.10365
3.13462
3.11004
3.10764
3.11001
3.1127
3.11316
3.10187
3.08343
3.04327
3.05707
3.13089
3.08592
3.09956
3.10451
3.12072
3.0872
3.10186
3.07959
3.09717
3.16581
3.10485
3.08798
3.10232
3.08234
3.09725
3.10446
3.1441
3.07749
3.10536
3.0995
3.10239
3.09215
3.10099
3.09782
3.18127
3.09951
3.07689
3.06639
3.09806
3.06734
3.10194
3.09578
3.11453
3.09695
3.11541
3.05073
3.07967
3.07294
3.09957
3.19719
3.05717
3.19392
3.15556
3.09088
3.09158
3.09725
3.00183
3.07804
3.04467
3.09124
3.11177
3.13374
3.07622
3.10002
3.1189
3.12638
3.10815
3.11853
3.03834
3.09155
3.07344
3.08957
3.09815
3.10905
3.09263
3.0934
3.09378
3.1273
3.10311
3.1054
3.02533
3.11337
3.09989
3.08674
3.09957
3.09828
3.09952
3.09323
3.03205
3.08676
3.10432
3.11426
3.03925
3.12353
3.01095
3.09762
3.09367
3.09843
3.09311
3.10696
3.11874
3.01178
3.14729
3.09873
3.08017
3.09932
3.10491
3.09657
3.10474
3.12035
3.08937
3.09199
3.14675
3.02254
3.09255
3.12041
3.10255
3.0995
3.12969
3.10212
3.11047
3.09005
3.10177
3.09434
3.07346
3.10486
3.09577
3.08922
3.0987
3.151
3.09061
3.06398
3.05358
3.14663
3.09797
3.10642
3.08834
3.09459
3.10955
3.12016
3.09364
3.10473
3.08891
3.10108
3.10203
3.11487
3.15225
3.09669
3.10935
3.109
3.09124
3.09079
3.16833
3.09424
3.09725
3.08234
3.08492
3.12578
3.09705
3.09204
3.09307
3.11431
3.05973
3.09926
3.10565
3.19989
3.05517
3.1082
3.10109
3.09759
3.09106
3.10254
3.10213
3.08239
3.10595
3.12319
3.11273
3.09021
3.14698
3.07441
3.11877
3.07719
3.12497
3.10905
3.10316
3.10661
3.06933
3.08986
3.09525
3.10186
3.08588
3.09595
3.08225
3.08226
3.08986
3.18579
3.09287
3.09874
3.10352
3.12329
3.10711
3.10332
3.10068
3.08244
3.08968
3.08141
3.10238
3.10379
3.10604
3.1134
3.10623
3.05294
3.10526
3.06888
3.09751
3.08641
3.09911
3.10522
3.11635
3.10377
3.08242
3.11606
3.16611
3.08199
3.11004
3.10055
3.09578
3.12225
3.12929
3.04274
3.10243
3.09435
3.07947
3.10363
3.10282
3.08963
3.09288
3.0975
3.0863
3.09262
3.12565
3.09477
3.07785
3.09996
3.11118
3.08338
3.13657
3.09785
3.10555
3.09497
3.09331
3.0952
3.08711
3.1039
3.09156
3.10515
3.10268
3.18111
3.09183
3.11389
3.09551
3.09654
3.09229
3.08473
3.11479
3.09335
3.10636
3.08978
3.10187
3.13103
3.09737
3.09617
3.11495
3.08526
3.09232
3.08951
3.10131
3.12014
3.0916
3.10699
3.09717
3.10419
3.08403
3.09434
3.08872
3.09488
3.07877
3.05704
3.19783
3.09835
3.09034
3.10143
3.09833
3.08682
3.10142
3.10431
3.09948
3.15644
3.12851
3.16667
3.10939
3.10325
3.11485
3.0925
3.06675
3.09525
3.09968
3.11213
3.09419
3.09009
3.13501
3.10527
3.09646
3.09698
3.08314
3.08512
3.10027
3.09377
3.08181
3.09922
3.08815
3.09011
3.10517
3.1327
3.15151
3.10773
3.1094
3.09865
3.09313
3.13961
3.10724
3.09922
3.08785
3.13872
3.12897
3.10052
3.09375
3.10028
3.09313
3.07878
3.11408
3.10493
3.07898
3.09395
3.0814
3.09407
3.10567
3.17019
3.10637
3.09515
3.09923
3.10257
3.07658
3.0908
3.09112
3.1387
3.12507
3.09941
3.11316
3.11877
3.09374
3.12778
3.09216
3.09518
3.1271
3.13331
3.0891
3.10665
3.15379
3.1052
3.12211
3.09141
3.09069
3.09756
3.10384
3.10519
3.15405
3.08539
3.10548
3.14054
3.13938
3.07933
3.11735
3.08747
3.08873
3.03013
3.08889
3.08977
3.11803
3.09557
3.18502
3.09693
3.09752
3.10593
3.09856
3.09024
3.1607
3.08512
3.10128
3.1029
3.11081
3.10406
3.10414
3.07576
3.18211
3.08613
3.09545
3.10161
3.1845
3.10768
3.10079
3.13255
3.10053
3.12693
3.09095
3.08912
3.112
3.07667
3.0866
3.05224
3.10989
3.11699
3.11169
3.08703
3.1027
3.09822
3.09027
3.09158
3.10162
3.09752
3.09191
3.12283
3.01327
3.09117
3.10956
3.07119
3.11133
3.08822
3.09531
3.0901
3.12568
3.10795
3.07167
3.09604
3.07688
3.09701
3.11269
3.1035
3.09156
3.01286
3.10654
3.11841
3.10158
3.00204
3.09397
3.10764
3.09858
3.01433
3.1098
3.11404
3.02394
3.11471
3.09542
3.09293
3.16257
3.08344
3.09584
3.10874
3.11377
3.10169
3.09424
3.09297
3.08819
3.1068
3.08104
3.11434
3.08569
3.17417
3.00645
3.08225
3.08505
3.09289
3.09316
3.09746
3.09243
3.09589
3.09462
3.09601
3.08862
3.03086
3.0692
3.09958
3.09783
3.10809
3.07962
3.09598
3.11152
3.1109
3.11049
3.0907
3.12337
3.08871
3.08866
3.13395
3.09522
3.09385
3.08976
3.16308
3.1038
3.09248
3.10024
3.14416
3.09577
3.09948
3.09796
3.10581
3.08931
3.09702
3.07828
3.10309
3.08342
3.09686
3.17141
3.09086
3.02471
3.11634
3.09241
3.09833
3.10826
3.10861
3.11932
3.09167
3.10285
3.13797
3.07251
3.1452
3.11374
3.09793
3.09879
3.08848
3.07458
3.12507
3.09486
3.10344
3.09689
3.06515
3.1024
3.08855
3.08347
3.11503
3.10788
3.02558
3.11904
3.10009
3.12283
3.11155
3.0677
3.09419
3.08021
3.06761
3.15557
3.09314
3.09493
3.0985
3.10202
3.12832
3.14179
3.11484
3.09151
3.08934
3.04763
3.08475
3.11862
3.09848
3.14124
3.10839
3.0896
3.01766
3.16317
3.09911
3.00255
3.15822
3.06236
3.10053
3.10314
3.13448
3.09598
3.15876
3.09531
3.10368
3.08318
3.09377
3.09713
3.08858
3.09158
3.11089
3.11285
3.10074
3.08395
3.11022
3.10289
3.1169
3.10825
3.09177
3.10142
3.10375
3.08759
3.12651
3.10418
3.11924
3.08933
3.08376
3.09629
3.09084
3.10672
3.08049
3.11332
3.09874
3.01594
3.19009
3.12294
3.09428
3.0088
3.09224
3.03281
3.102
3.10788
3.08696
3.10247
3.13565
3.10257
3.09349
3.12598
3.08713
3.0819
3.09285
3.03594
3.09253
3.09275
3.08148
3.09076
3.10892
3.01787
3.12897
3.10801
3.07874
3.08391
3.06532
3.10617
3.10506
3.11396
3.0924
3.10011
3.1026
3.10295
3.08797
3.1074
3.12417
3.1159
3.01811
3.1025
3.14219
3.08862
3.08259
3.05255
3.09571
3.04307
3.09437
3.08764
3.0754
3.10331
3.12094
3.09728
3.08731
3.00944
3.08602
3.08245
3.08393
3.11899
3.07971
3.08689
3.08571
3.08348
3.10994
3.10162
3.09777
3.10884
3.0833
3.08117
3.17947
3.09421
3.09977
3.08894
3.05445
3.08109
3.07907
3.1221
3.11368
3.10078
3.1082
3.105
3.09171
3.10418
3.09494
3.10357
3.07707
3.08966
3.09475
3.10183
3.10281
3.12957
3.0611
3.089
3.10831
3.0604
3.08703
3.19052
3.07921
3.10872
3.08252
3.10309
3.0858
3.05848
3.10414
3.09907
3.11157
3.09461
3.15692
3.0989
3.09028
3.10362
3.11642
3.0738
3.06413
3.10071
3.10508
3.10618
3.00854
3.08571
3.106
3.00185
3.13275
3.11567
3.10015
3.09425
3.07516
3.10404
3.1049
3.09364
3.07377
3.10813
3.09785
3.09312
3.09153
3.08505
3.08973
3.14076
3.10742
3.11299
3.11079
3.09373
3.10195
3.07219
3.10863
3.07881
3.1082
3.09219
3.08996
3.08342
3.09569
3.09717
3.09757
3.13744
3.09754
3.0968
3.10341
3.08594
3.1067
3.105
3.10721
3.10331
3.08622
3.01568
3.10215
3.10113
3.03115
3.08356
3.10434
3.09894
3.13413
3.09534
3.16928
3.09696
3.0962
3.08655
3.09716
3.09562
3.10632
3.09465
3.0962
3.17742
3.08145
3.10453
3.10884
3.07902
3.09492
3.08877
3.08957
3.02533
3.12966
3.09099
3.09666
3.09769
3.0952
3.11931
3.10043
3.09264
3.18106
3.08552
3.12904
3.10101
3.10705
3.10213
3.15492
3.01262
3.18551
3.07584
3.09069
3.12995
3.09525
3.101
3.09408
3.09123
3.09974
3.09922
3.09654
3.10436
3.10405
3.04571
3.11191
3.09477
3.09771
3.08479
3.09381
3.09798
3.18791
3.09267
3.10645
3.11071
3.10921
3.09945
3.08893
3.09418
3.1034
3.10363
3.09224
3.06992
3.08884
3.12988
3.1461
3.09749
3.09375
3.10052
3.0941
3.09412
3.18072
3.09182
3.09182
3.08078
3.07236
3.12719
3.14683
3.09887
3.10582
3.10446
3.10147
3.11214
3.10218
3.0942
3.08932
3.16901
3.09205
3.0931
3.1038
3.10312
3.09317
3.10063
3.10602
3.12128
3.097
3.10319
3.08093
3.09279
3.11031
3.01217
3.10497
3.08768
3.09837
3.10441
3.10726
3.10563
3.11566
3.08683
3.08271
3.0858
3.11581
3.09673
3.09957
3.11013
3.10681
3.09161
3.09461
3.10023
3.04739
3.07844
3.0964
3.1337
3.16659
3.10676
3.10025
3.08744
3.11558
3.10366
3.10928
3.09337
3.13268
3.11403
3.15333
3.15341
3.07588
3.11642
3.12693
3.12119
3.10528
3.10275
3.13151
3.094
3.09783
3.09371
3.10336
3.10681
3.08468
3.0869
3.09157
3.09322
3.06623
3.12381
3.16001
3.06067
3.12098
3.07279
3.08361
3.10887
3.10587
3.09291
3.07842
3.18289
3.08512
3.07277
3.18345
3.09807
3.09515
3.0936
3.1009
3.13165
3.11529
3.09587
3.09152
3.11948
3.06505
3.08906
3.10166
3.10521
3.16567
3.14608
3.08676
3.08544
3.09128
3.08928
3.19123
3.10312
3.16367
3.09031
3.09774
3.08167
3.08462
3.02131
3.10939
3.08298
3.10449
3.08913
3.14184
3.10507
3.10993
3.092
3.07527
3.0489
3.08256
3.09841
3.08761
3.10065
3.10365
3.08245
3.11778
3.10018
3.10679
3.12227
3.09835
3.09497
3.1018
3.10554
3.09809
3.00733
3.09756
3.08548
3.09859
3.09988
3.09395
3.10415
3.09069
3.11134
3.1202
3.10489
3.09788
3.09268
3.09223
3.14081
3.09387
3.09587
3.01278
3.10238
3.10009
3.09138
3.07576
3.09946
3.09542
3.11057
3.0548
3.09824
3.10307
3.10719
3.09106
3.10468
3.13317
3.09826
3.09777
3.11937
3.18927
3.09598
3.12375
3.09348
3.09903
3.17726
3.10435
3.04786
3.11012
3.14544
3.10581
3.09488
3.09905
3.09893
3.10304
3.09968
3.09785
3.09471
3.11264
3.10185
3.11498
3.08937
3.09044
3.13606
3.10943
3.10064
3.07594
3.09883
3.0981
3.03629
3.01095
3.08445
3.09285
3.10781
3.13091
3.11598
3.10708
3.09257
3.1192
3.08997
3.10455
3.10869
3.09933
3.09753
3.11738
3.11028
3.10474
3.07925
3.10002
3.09787
3.1952
3.11016
3.10572
3.09487
3.08877
3.09819
3.0893
3.10083
3.12533
3.09664
3.15895
3.09608
3.09658
3.05458
3.10641
3.10251
3.09119
3.09891
3.09823
3.1722
3.09818
3.10902
3.09158
3.09612
3.09476
3.09796
3.10059
3.11038
3.05536
3.09614
3.09466
3.12209
3.09883
3.11078
3.09744
3.12223
3.11578
3.09405
3.17227
3.09675
3.1029
3.10202
3.10446
3.08832
3.14925
3.10075
3.0926
3.14409
3.09001
3.11607
3.09678
3.09701
3.06984
3.08678
3.09363
3.09147
3.09747
3.09625
3.08883
3.09297
3.13104
3.09715
3.12271
3.10592
3.11928
3.09759
3.104
3.09997
3.11865
3.04756
3.09778
3.10989
3.16527
3.1162
3.08734
3.07512
3.10825
3.09743
3.10193
3.13738
3.08154
3.08196
3.09594
3.11376
3.12401
3.0984
3.03521
3.08882
3.09053
3.0946
3.09314
3.0949
3.09384
3.10132
3.11051
3.09404
3.09475
3.1006
3.09663
3.09734
3.09019
3.11472
3.08641
3.10649
3.19738
3.10045
3.11838
3.07317
3.09021
3.10132
3.05058
3.13516
3.10614
3.09884
3.08872
3.12504
3.0802
3.1035
3.10657
3.09907
3.08558
3.09215
3.09201
3.1368
3.09863
3.08316
3.09491
3.0881
3.08983
3.09833
3.078
3.11414
3.12272
3.09781
3.10035
3.1283
3.03856
3.12171
3.09989
3.07966
3.09728
3.08924
3.12616
3.10453
3.01132
3.10683
3.08569
3.11506
3.08347
3.10397
3.08108
3.09106
3.10222
3.14476
3.09809
3.09301
3.09733
3.08546
3.09907
3.15167
3.07993
3.09493
3.10467
3.08982
3.18718
3.08182
3.10873
3.16382
3.08163
3.10769
3.10625
3.08874
3.09054
3.09831
3.16859
3.10278
3.10188
3.08568
3.10086
3.10997
3.10978
3.09838
3.08708
3.12769
3.13342
3.0975
3.15039
3.08318
3.09419
3.10076
3.10488
3.10852
3.12909
3.09007
3.15766
3.0996
3.10738
3.09366
3.0587
3.08678
3.1095
3.11019
3.08588
3.02577
3.03721
3.10006
3.09366
3.10711
3.09287
3.06738
3.10047
3.05955
3.12197
3.15259
3.09051
3.10041
3.09071
3.09056
3.1102
3.11749
3.01394
3.11384
3.11032
3.08682
3.09006
3.08747
3.08029
3.06621
3.04361
3.09986
3.09005
3.05461
3.09435
3.09775
3.11519
3.11115
3.08411
3.09775
3.16801
3.08686
3.08032
3.11068
3.1047
3.08859
3.11451
3.09709
3.12007
3.12079
3.08248
3.09127
3.12166
3.08243
3.0699
3.09986
3.1127
3.10189
3.16084
3.03253
3.11743
3.09644
3.08958
3.12077
3.04807
3.0932
3.09944
3.09369
3.10148
3.06932
3.08279
3.1148
3.09576
3.10548
3.10751
3.06561
3.11661
3.10741
3.12837
3.11296
3.09614
3.08065
3.19065
3.07293
3.12776
3.09484
3.1106
3.10309
3.10385
3.09551
3.08789
3.07806
3.10243
3.10661
3.10337
3.11333
3.09629
3.10282
3.10032
3.11605
3.09857
3.09486
3.081
3.14388
3.08612
3.09484
3.09324
3.11706
3.10341
3.10611
3.07465
3.09953
3.08755
3.19031
3.09932
3.10441
3.09453
3.09742
3.12456
3.10552
3.09482
3.09153
3.07165
3.09264
3.09995
3.11001
3.0933
3.10323
3.09597
3.17005
3.09208
3.15915
3.10888
3.09989
3.10492
3.07748
3.0516
3.08596
3.0912
3.09873
3.06327
3.10465
3.08307
3.10041
3.10971
3.02325
3.09141
3.09539
3.11375
3.14009
3.09662
3.09997
3.08526
3.17078
3.10253
3.08056
3.08905
3.10234
3.0875
3.10211
3.05
3.09551
3.0952
3.10036
3.10865
3.10653
3.09675
3.16992
3.11346
3.08438
3.07781
3.1281
3.08627
3.03861
3.10637
3.09081
3.11472
3.133
3.08803
3.11597
3.09881
3.09814
3.09831
3.10911
3.15254
3.1029
3.09515
3.10165
3.08679
3.09194
3.0925
3.08631
3.08937
3.08343
3.10107
3.09249
3.14446
3.09272
3.10446
3.09746
3.10097
3.02406
3.03505
3.01478
3.09736
3.09451
3.0881
3.06684
3.09466
3.08754
3.08653
3.15876
3.08219
3.10833
3.09461
3.05192
3.09689
3.10092
3.09837
3.10225
3.09735
3.07736
3.07199
3.10274
3.11131
3.09737
3.15056
3.152
3.10941
3.10749
3.10334
3.09684
3.09845
3.08991
3.09554
3.02758
3.09012
3.0654
3.08952
3.09599
3.10975
3.10848
3.09485
3.10939
3.15679
3.08993
3.08214
3.05371
3.10092
3.09954
3.10579
3.10979
3.08438
3.10268
3.07849
3.03888
3.09991
3.10269
3.09119
3.09794
3.10783
3.10375
3.08051
3.09386
3.08928
3.10292
3.11429
3.09333
3.10603
3.11019
3.12779
3.09459
3.09475
3.08299
3.09206
3.08365
3.05263
3.1202
3.09078
3.13556
3.06809
3.10049
3.10499
3.10098
3.1028
3.08646
3.09793
3.10718
3.10407
3.12214
3.09679
3.06362
3.1088
3.14344
3.09383
3.06098
3.09256
3.11931
3.09197
3.14571
3.13848
3.0803
3.09894
3.18782
3.08184
3.09175
3.10249
3.09078
3.10173
3.10399
3.05813
3.09844
3.08207
3.13409
3.09662
3.1125
3.09691
3.10079
3.09922
3.11751
3.09894
3.05293
3.08657
3.07975
3.07901
3.09822
3.08942
3.08971
3.11162
3.07019
3.11963
3.11421
3.10791
3.11031
3.10459
3.09903
3.04023
3.04919
3.08961
3.05771
3.10356
3.09612
3.0896
3.09303
3.09293
3.10365
3.09224
3.10664
3.0468
3.09955
3.09807
3.1257
3.0971
3.09855
3.11075
3.09666
3.0899
3.11653
3.11889
3.09648
3.17721
3.10007
3.08557
3.11826
3.10425
3.09457
3.1056
3.11555
3.10812
3.04275
3.10142
3.14286
3.09056
3.06484
3.18352
3.09403
3.10937
3.08448
3.10649
3.1073
3.15666
3.09607
3.08022
3.13687
3.07142
3.11935
3.08284
3.04962
3.08546
3.06362
3.10675
3.0975
3.09687
3.09056
3.06181
3.0722
3.08879
3.09825
3.19059
3.09522
3.10912
3.0415
3.10014
3.10411
3.10924
3.09954
3.09215
3.10463
3.09154
3.12722
3.07308
3.10907
3.12893
3.08572
3.1044
3.10308
3.10584
3.104
3.07905
3.0837
3.11045
3.14112
3.09761
3.14712
3.09446
3.08687
3.03658
3.08304
3.10197
3.00415
3.08743
3.05546
3.09951
3.0975
3.07727
3.10307
3.09503
3.14464
3.07661
3.12618
3.1273
3.12332
3.09777
3.10493
3.09488
3.09393
3.10823
3.10102
3.08327
3.08688
3.08586
3.09408
3.07794
3.08876
3.07936
3.05594
3.08019
3.08644
3.09536
3.09095
3.09763
3.01545
3.09051
3.15492
3.1207
3.08106
3.12176
3.10259
3.18426
3.08394
3.10304
3.09553
3.10273
3.10221
3.08757
3.1836
3.0999
3.07878
3.1634
3.13646
3.09424
3.09448
3.09814
3.11044
3.1076
3.09427
3.10633
3.10097
3.09382
3.09374
3.13142
3.06541
3.10112
3.07575
3.09544
3.06788
3.1257
3.10357
3.10013
3.12202
3.10988
3.07919
3.0968
3.11002
3.10926
3.10804
3.02751
3.10019
3.07603
3.10075
3.08342
3.08059
3.0994
3.09908
3.1167
3.08508
3.09549
3.07107
3.10677
3.07318
3.18583
3.01168
3.12807
3.10291
3.09033
3.09325
3.09975
3.10109
3.1512
3.0995
3.09337
3.10466
3.09455
3.0928
3.15402
3.08878
3.07241
3.17169
3.11194
3.11296
3.10038
3.09985
3.15356
3.10929
3.08405
3.13357
3.10358
3.17768
3.04767
3.11296
3.16922
3.09767
3.08206
3.09336
3.03622
3.08734
3.08124
3.09594
3.09589
3.09513
3.09279
3.13044
3.0988
3.0956
3.09642
3.09775
3.09715
3.09915
3.10953
3.08875
3.08943
3.08345
3.10711
3.11159
3.09414
3.10039
3.09364
3.12774
3.10927
3.18867
3.10785
3.12383
3.0917
3.08664
3.11086
3.08284
3.08551
3.15603
3.10654
3.11382
3.08766
3.10179
3.08543
3.11573
3.0939
3.09251
3.10827
3.10058
3.10058
3.10817
3.09982
3.09439
3.10664
3.08853
3.10311
3.07519
3.07641
3.12602
3.11433
3.06926
3.0789
3.04607
3.08029
3.12124
3.06078
3.10263
3.10583
3.09497
3.02183
3.09138
3.05595
3.10231
3.09816
3.1826
3.10912
3.12435
3.05922
3.092
3.09335
3.09517
3.10982
3.08506
3.10907
3.09701
3.10389
3.11557
3.09437
3.11435
3.09775
3.14604
3.10056
3.09056
3.10001
3.14184
3.09255
3.09369
3.06153
3.09883
3.10261
3.03644
3.12943
3.19086
3.10562
3.10262
3.05825
3.01708
3.10848
3.10359
3.08667
3.10755
3.08087
3.14688
3.0984
3.10489
3.09342
3.09159
3.1094
3.11157
3.09256
3.12188
3.17118
3.15295
3.03771
3.10787
3.09833
3.11795
3.09635
3.09984
3.10807
3.09523
3.08176
3.10952
3.10892
3.05584
3.11499
3.0923
3.19147
3.09841
3.09974
3.10369
3.0915
3.14512
3.10422
3.08483
3.07811
3.0992
3.13323
3.0969
3.09381
3.09508
3.09642
3.14299
3.01047
3.11088
3.10533
3.18963
3.09221
3.16112
3.07894
3.14526
3.00573
3.0797
3.12601
3.10666
3.09156
3.11303
3.08485
3.13744
3.0864
3.11468
3.08539
3.10049
3.0995
3.09082
3.15018
3.0984
3.09576
3.0917
3.06781
3.15483
3.097
3.1044
3.0991
3.09188
3.10389
3.13052
3.102
3.09725
3.09767
3.09535
3.09503
3.08519
3.1604
3.10306
3.09412
3.10941
3.12615
3.08911
3.0944
3.12555
3.07395
3.10768
3.09011
3.08268
3.12146
3.10843
3.08652
3.11687
3.10007
3.1122
3.09346
3.10675
3.09659
3.08839
3.08913
3.09397
3.12225
3.10248
3.11234
3.14414
3.1354
3.10004
3.10447
3.09597
3.05455
3.1295
3.09008
3.06972
3.10788
3.16495
3.08216
3.08532
3.10244
3.09362
3.10559
3.11813
3.18862
3.10097
3.18035
3.07078
3.09675
3.09532
3.10247
3.09159
3.18631
3.09282
3.12971
3.09449
3.09739
3.11291
3.09071
3.1054
3.15415
3.05741
3.10078
3.07149
3.10144
3.10372
3.08847
3.09132
3.08669
3.08263
3.12377
3.10149
3.06265
3.08519
3.08894
3.10136
3.18065
3.08593
3.09714
3.10221
3.09453
3.09204
3.12222
3.09029
3.07737
3.09905
3.10762
3.08504
3.09525
3.10164
3.11678
3.09991
3.09874
3.11361
3.13182
3.10631
3.08811
3.11251
3.12765
3.05395
3.11837
3.08733
3.09722
3.09546
3.03813
3.12861
3.19129
3.1123
3.12511
3.14093
3.09575
3.09065
3.09042
3.13117
3.07728
3.09162
3.03952
3.12549
3.13828
3.0992
3.04708
3.08774
3.10144
3.09302
3.08896
3.06206
3.12594
3.09111
3.09924
3.12145
3.09811
3.10114
3.08222
3.08884
3.09686
3.11246
3.10861
3.07579
3.11139
3.08627
3.05279
3.1005
3.12391
3.08178
3.08101
3.07847
3.10727
3.09415
3.0997
3.10525
3.09349
3.08617
3.07622
3.10738
3.12235
3.08911
3.0969
3.0969
3.12333
3.10747
3.08761
3.10122
3.09635
3.08578
3.1171
3.09475
3.09766
3.12234
3.10543
3.09592
3.10211
3.08758
3.08712
3.09045
3.18894
3.0812
3.09765
3.01038
3.1117
3.08561
3.10455
3.17609
3.09623
3.09107
3.10054
3.08841
3.07833
3.17403
3.09635
3.1572
3.09897
3.09416
3.13324
3.1563
3.09818
3.0987
3.09391
3.05596
3.09348
3.09574
3.09649
3.09311
3.09012
3.0925
3.0905
3.09589
3.10087
3.093
3.124
3.09786
3.09547
3.11704
3.12171
3.09711
3.11325
3.10184
3.09079
3.08936
3.08709
3.08777
3.1032
3.08566
3.08782
3.09914
3.09755
3.08771
3.07721
3.10744
3.11084
3.17318
3.09864
3.10325
3.09469
3.10195
3.11371
3.10368
3.10598
3.10679
3.10458
3.08966
3.09093
3.0994
3.15943
3.09601
3.08542
3.08773
3.11571
3.10633
3.09417
3.1038
3.19562
3.10493
3.11126
3.11417
3.10854
3.09187
3.10021
3.10117
3.14363
3.10313
3.09745
3.06192
3.09991
3.08756
3.13874
3.10173
3.12591
3.10304
3.10749
3.10344
3.01122
3.10155
3.11138
3.09741
3.09172
3.0914
3.10189
3.09686
3.10442
3.10045
3.10091
3.00953
3.09452
3.12158
3.08234
3.08757
3.09626
3.19091
3.1512
3.04578
3.11574
3.06886
3.07343
3.07967
3.10628
3.10101
3.09442
3.09861
3.09947
3.01626
3.08808
3.17844
3.08795
3.09387
3.0923
3.08005
3.02179
3.10002
3.17916
3.09639
3.07599
3.09603
3.0698
3.09803
3.00367
3.11033
3.0833
3.09731
3.09512
3.10448
3.09388
3.13835
3.11713
3.12215
3.10178
3.08966
3.10107
3.10846
3.08802
3.09657
3.07102
3.09384
3.09595
3.1197
3.10639
3.09338
3.11574
3.12323
3.1091
3.08397
3.1057
3.15477
3.1211
3.14871
3.08137
3.14717
3.09934
3.10332
3.10149
3.13344
3.14062
3.10481
3.10724
3.10229
3.10918
3.14883
3.10137
3.09766
3.09914
3.09388
3.10168
3.1068
3.09438
3.11099
3.1942
3.08321
3.09574
3.12095
3.09801
3.11633
3.09091
3.12221
3.09974
3.11872
3.09107
3.08312
3.09525
3.08716
3.15381
3.10698
3.10455
3.18669
3.10566
3.12058
3.10262
3.07846
3.11221
3.09643
3.10177
3.08583
3.0724
3.09363
3.1833
3.11247
3.10543
3.09485
3.09047
3.08989
3.10342
3.09532
3.10566
3.07218
3.0865
3.17114
3.10784
3.11177
3.09185
3.09968
3.10235
3.18583
3.10404
3.13552
3.05414
3.09316
3.09183
3.09054
3.10473
3.13034
3.11998
3.16256
3.08339
3.09342
3.10161
3.10116
3.09821
3.16317
3.12326
3.07914
3.07104
3.10506
3.10496
3.14224
3.09388
3.10959
3.10869
3.08603
3.07531
3.10425
3.09394
3.07485
3.09755
3.1497
3.09941
3.09639
3.10021
3.10661
3.10824
3.0748
3.1197
3.09046
3.09052
3.12315
3.10592
3.0835
3.1054
3.08869
3.09254
3.04012
3.0938
3.07384
3.1453
3.17624
3.14098
3.08323
3.09962
3.0643
3.16981
3.0975
3.08549
3.10086
3.06927
3.07331
3.1004
3.07565
3.09382
3.10094
3.09584
3.08409
3.09213
3.08298
3.09952
3.10868
3.09977
3.10549
3.09431
3.1007
3.1088
3.04135
3.09386
3.1418
3.10509
3.09444
3.09854
3.10134
3.11092
3.08319
3.11062
3.11174
3.07801
3.09205
3.09995
3.05249
3.09015
3.09382
3.09674
3.08351
3.12277
3.11655
3.10097
3.09659
3.09979
3.08734
3.10312
3.1069
3.08642
3.07413
3.10123
3.0784
3.09024
3.06973
3.12013
3.09851
3.13147
3.08214
3.09609
3.08773
3.08632
3.09677
3.1047
3.07719
3.1475
3.11267
3.09956
3.09337
3.0904
3.09572
3.10471
3.12464
3.0899
3.09931
3.11795
3.10618
3.08231
3.12204
3.16095
3.13407
3.14549
3.13695
3.08237
3.09577
3.11784
3.07778
3.12141
3.08958
3.11049
3.10757
3.09014
3.09135
3.05882
3.17822
3.11291
3.12705
3.09617
3.11207
3.09205
3.09518
3.10057
3.0269
3.10661
3.11609
3.10111
3.10384
3.10404
3.0956
3.09927
3.09898
3.10386
3.10002
3.10067
3.09964
3.10199
3.03518
3.09388
3.15635
3.10314
3.04811
3.04521
3.13787
3.16014
3.09404
3.09523
3.07605
3.15403
3.12303
3.14472
3.08003
3.09285
3.12955
3.09613
3.08662
3.10186
3.09278
3.09431
3.11696
3.15994
3.11408
3.10502
3.0517
3.10503
3.08882
3.10257
3.09081
3.0189
3.10901
3.11674
3.11162
3.10504
3.10401
3.11931
3.10073
3.1079
3.10979
3.08248
3.08562
3.09853
3.09045
3.12978
3.08265
3.09034
3.09078
3.09328
3.10575
3.09274
3.10664
3.10665
3.17864
3.15003
3.0952
3.08773
3.09872
3.10901
3.09689
3.09942
3.10728
3.10259
3.07689
3.10855
3.18177
3.11334
3.08452
3.1045
3.10418
3.10216
3.0517
3.12106
3.06883
3.09396
3.07953
3.07184
3.11975
3.12358
3.10464
3.04324
3.11139
3.09503
3.10426
3.09935
3.10636
3.01446
3.10767
3.1037
3.1118
3.0891
3.10948
3.10797
3.10205
3.09298
3.1015
3.08951
3.09875
3.10796
3.09047
3.09301
3.10874
3.10117
3.0909
3.03692
3.10363
3.14346
3.0983
3.09539
3.11467
3.10486
3.05087
3.09217
3.07367
3.07841
3.09951
3.07679
3.06729
3.09878
3.14849
3.09116
3.10282
3.1476
3.10675
3.10999
3.07902
3.07384
3.13837
3.11016
3.09692
3.19383
3.0936
3.09661
3.0933
3.08944
3.09434
3.10246
3.13612
3.09949
3.03964
3.11172
3.05002
3.08905
3.0976
3.01152
3.12394
3.09789
3.09434
3.08508
3.10025
3.09923
3.08689
3.10657
3.13144
3.09795
3.1063
3.10956
3.12044
3.01674
3.10458
3.10058
3.09269
3.11299
3.1003
3.09873
3.17118
3.10347
3.11464
3.13694
3.09155
3.09908
3.13044
3.10499
3.10324
3.14347
3.10656
3.11934
3.0999
3.09537
3.08651
3.09427
3.09686
3.10061
3.09403
3.09272
3.0937
3.09509
3.13874
3.10594
3.09305
3.08853
3.12975
3.08052
3.08896
3.08638
3.10347
3.01819
3.08647
3.09421
3.1091
3.10042
3.13092
3.17625
3.10398
3.19473
3.08375
3.09194
3.09566
3.09527
3.08572
3.11003
3.08104
3.11263
3.10582
3.10599
3.09598
3.10264
3.073
3.09779
3.14835
3.1083
3.13388
3.09901
3.09284
3.09357
3.1265
3.09761
3.107
3.10137
3.08782
3.09987
3.10803
3.17696
3.08518
3.12897
3.01688
3.09337
3.07613
3.01328
3.09645
3.1075
3.08888
3.04958
3.11355
3.10321
3.10206
3.08845
3.10186
3.0907
3.05622
3.09153
3.08143
3.09046
3.10587
3.1079
3.10147
3.08847
3.18538
3.08896
3.10791
3.09154
3.09714
3.06535
3.09903
3.10027
3.10058
3.09933
3.10173
3.10023
3.11412
3.15519
3.10447
3.10905
3.08755
3.07591
3.09874
3.10144
3.08554
3.09879
3.06716
3.09995
3.1567
3.10214
3.04615
3.09358
3.09854
3.10045
3.08853
3.11886
3.09581
3.10039
3.0909
3.09378
3.08903
3.10319
3.19241
3.09642
3.10982
3.10146
3.09503
3.13293
3.108
3.09793
3.1007
3.0939
3.09924
3.10806
3.03413
3.09486
3.16438
3.09029
3.0578
3.09378
3.0968
3.10462
3.11384
3.08814
3.11157
3.0884
3.10781
3.09292
3.09742
3.09233
3.05218
3.07657
3.10959
3.09543
3.10778
3.09565
3.09221
3.09102
3.1028
3.09119
3.09407
3.10395
3.08852
3.09412
3.11588
3.09297
3.09658
3.10361
3.0777
3.11972
3.0846
3.10533
3.10833
3.10146
3.05525
3.10319
3.10145
3.09884
3.12197
3.08497
3.10972
3.09927
3.10706
3.0589
3.08438
3.11338
3.04909
3.12296
3.11305
3.07315
3.1455
3.08259
3.09608
3.09442
3.08989
3.14273
3.16689
3.09051
3.10087
3.09408
3.08915
3.09685
3.09328
3.07885
3.0055
3.09699
3.11084
3.08674
3.08055
3.09492
3.09464
3.10619
3.09008
3.0869
3.14542
3.13187
3.10146
3.09885
3.11046
3.0947
3.17909
3.09869
3.08398
3.09657
3.1305
3.1432
3.10736
3.07326
3.11816
3.10636
3.0771
3.05488
3.10335
3.16458
3.09469
3.09613
3.1007
3.10892
3.12369
3.07027
3.10636
3.08805
3.10719
3.09096
3.08426
3.10787
3.09584
3.09593
3.09821
3.06891
3.09443
3.13295
3.10609
3.10168
3.0851
3.09984
3.10292
3.09038
3.0952
3.10705
3.10907
3.12065
3.07707
3.08734
3.09373
3.08997
3.09767
3.09052
3.09451
3.10694
3.12382
3.10286
3.07143
3.10446
3.09653
3.10317
3.09445
3.11573
3.1558
3.09812
3.07154
3.08795
3.08548
3.09411
3.09292
3.07981
3.09701
3.12085
3.02408
3.08174
3.08542
3.18529
3.11909
3.10131
3.09107
3.13121
3.13898
3.11674
3.10323
3.13036
3.14975
3.08037
3.08682
3.10113
3.08378
3.09809
3.1154
3.11346
3.10233
3.02069
3.14229
3.10591
3.08712
3.10144
3.04673
3.07599
3.13956
3.10338
3.10352
3.09314
3.09283
3.09527
3.10315
3.11535
3.09034
3.14165
3.0969
3.08495
3.08807
3.12953
3.15699
3.18534
3.09256
3.10738
3.09448
3.08272
3.09341
3.12221
3.12786
3.09204
3.10466
3.0547
3.10244
3.1018
3.09033
3.08872
3.10199
3.11395
3.0974
3.11593
3.10438
3.19674
3.08879
3.089
3.10905
3.01268
3.06606
3.10003
3.07773
3.09573
3.0895
3.08872
3.10344
3.08095
3.09834
3.0964
3.09575
3.09459
3.04046
3.0863
3.09486
3.0805
3.09943
3.11777
3.10825
3.1442
3.09583
3.11223
3.1016
3.09073
3.05114
3.1337
3.12088
3.09816
3.11009
3.09555
3.10798
3.12471
3.09404
3.09896
3.11911
3.09042
3.08528
3.10712
3.09899
3.09491
3.06888
3.07703
3.10813
3.18597
3.08988
3.08232
3.10288
3.09903
3.09388
3.09699
3.09542
3.10916
3.09324
3.09501
3.11069
3.08319
3.10142
3.08649
3.10826
3.01723
3.10009
3.09587
3.09943
3.10824
3.10366
3.09604
3.09361
3.09937
3.11546
3.09232
3.16937
3.09684
3.09241
3.10453
3.13575
3.09653
3.08838
3.09762
3.08964
3.10196
3.09962
3.10912
3.11233
3.07905
3.09667
3.14266
3.09255
3.10161
3.08119
3.12421
3.02595
3.07105
3.07639
3.08064
3.0938
3.08777
3.16182
3.10637
3.05883
3.04735
3.10744
3.08418
3.11338
3.10032
3.08346
3.09497
3.14942
3.08765
3.10058
3.06822
3.09706
3.09137
3.16536
3.09736
3.08627
3.11687
3.09996
3.11112
3.09268
3.08163
3.09646
3.08992
3.0779
3.10389
3.09785
3.09218
3.09821
3.0807
3.08902
3.0901
3.10034
3.11698
3.08134
3.08209
3.09966
3.09696
3.09893
3.10902
3.09967
3.0945
3.18563
3.09547
3.09805
3.08516
3.07172
3.09542
3.09248
3.08785
3.11417
3.15646
3.09458
3.14797
3.11698
3.09619
3.07693
3.13961
3.09238
3.09224
3.08327
3.09603
3.0726
3.08356
3.12993
3.09475
3.10511
3.1073
3.11038
3.09325
3.10107
3.07962
3.0898
3.1027
3.10033
3.03059
3.0912
3.09996
3.15415
3.02924
3.15486
3.10432
3.07452
3.09587
3.10328
3.10703
3.09567
3.13335
3.1163
3.10428
3.09384
3.10122
3.14132
3.0921
3.08957
3.09283
3.04357
3.08335
3.09635
3.10342
3.10122
3.1131
3.11322
3.10166
3.08832
3.10913
3.10103
3.09722
3.09668
3.10751
3.19539
3.09975
3.10053
3.13371
3.09503
3.04766
3.09681
3.10538
3.10792
3.09021
3.09457
3.10178
3.0975
3.02756
3.10157
3.11318
3.10037
3.09674
3.09738
3.08884
3.08189
3.12527
3.09841
3.08228
3.10808
3.14877
3.1077
3.0998
3.0923
3.09017
3.08903
3.09527
3.10302
3.09827
3.10513
3.09034
3.08692
3.09772
3.09978
3.08139
3.10798
3.08646
3.10373
3.09351
3.10826
3.09862
3.11058
3.10378
3.08256
3.10186
3.1053
3.05417
3.05146
3.1069
3.10734
3.10616
3.0924
3.08217
3.14184
3.10741
3.09863
3.11348
3.09353
3.05855
3.10378
3.06794
3.08284
3.095
3.11069
3.13278
3.0971
3.17699
3.06504
3.08782
3.07098
3.10359
3.13285
3.10009
3.11327
3.09317
3.10113
3.09873
3.10122
3.07391
3.09726
3.08387
3.08094
3.0483
3.03515
3.09192
3.09799
3.08702
3.12347
3.08832
3.08638
3.09232
3.13479
3.09305
3.08583
3.19862
3.10583
3.09558
3.10633
3.09778
3.08916
3.09769
3.10768
3.10702
3.13734
3.18975
3.13852
3.10253
3.0905
3.11241
3.04488
3.08477
3.11142
3.12057
3.0899
3.1199
3.1504
3.08867
3.0929
3.10198
3.06879
3.10136
3.13291
3.08958
3.09105
3.12371
3.10105
3.16549
3.08777
3.04678
3.08909
3.18063
3.09958
3.12878
3.09067
3.11221
3.10206
3.09489
3.08898
3.10036
3.08992
3.10407
3.07695
3.1086
3.10205
3.10035
3.05023
3.11017
3.10091
3.0955
3.10205
3.16101
3.12104
3.02604
3.07936
3.09448
3.09249
3.07209
3.09294
3.08665
3.09689
3.10156
3.11545
3.09687
3.10055
3.08562
3.09199
3.10319
3.12358
3.09889
3.11343
3.08895
3.10191
3.0959
3.10599
3.12334
3.09813
3.11895
3.09803
3.09909
3.10417
3.0922
3.15285
3.12271
3.08468
3.11378
3.106
3.09946
3.12169
3.0874
3.09266
3.09774
3.15147
3.11612
3.13648
3.0778
3.10058
3.09966
3.10272
3.10446
3.07337
3.07467
3.07003
3.08301
3.12666
3.09877
3.06543
3.16359
3.197
3.03667
3.07139
3.03381
3.09575
3.09854
3.10372
3.09453
3.11863
3.10303
3.11188
3.08999
3.05409
3.09541
3.09451
3.13022
3.0308
3.08141
3.09583
3.10046
3.14512
3.09371
3.09249
3.09026
3.18056
3.08732
3.11432
3.11186
3.09935
3.09144
3.15672
3.10491
3.10498
3.11398
3.10037
3.09678
3.08913
3.09552
3.1035
3.10097
3.01342
3.10998
3.06778
3.09526
3.10359
3.0959
3.08495
3.09744
3.07637
3.08116
3.13892
3.10404
3.092
3.09663
3.10921
3.10081
3.1037
3.11925
3.1017
3.12217
3.11755
3.09943
3.09349
3.08983
3.09212
3.08804
3.10646
3.08392
3.09467
3.08744
3.10054
3.09931
3.12019
3.1447
3.18824
3.09238
3.0592
3.15104
3.08723
3.09215
3.0948
3.07801
3.10008
3.09858
3.10516
3.08245
3.0955
3.07493
3.10002
3.10204
3.10306
3.09813
3.10984
3.04223
3.11605
3.10043
3.08783
3.10074
3.12819
3.09458
3.09981
3.11537
3.06221
3.03325
3.05182
3.11317
3.11512
3.0954
3.09543
3.10665
3.1117
3.10211
3.09084
3.09615
3.09282
3.1204
3.10555
3.11289
3.08646
3.10559
3.092
3.09128
3.11379
3.1109
3.08572
3.11854
3.13089
3.01572
3.10434
3.1177
3.06126
3.08781
3.05039
3.09818
3.10588
3.05539
3.09061
3.08317
3.0815
3.10145
3.11414
3.1045
3.10723
3.05958
3.09727
3.09892
3.09477
3.10307
3.09779
3.19167
3.10092
3.13334
3.09379
3.10411
3.09111
3.06078
3.08041
3.10919
3.10337
3.14488
3.10088
3.11422
3.09187
3.18166
3.09421
3.09053
3.15369
3.0998
3.08957
3.08594
3.10889
3.09328
3.08194
3.09422
3.11846
3.0918
3.07593
3.08256
3.10506
3.09603
3.11028
3.09446
3.05217
3.08027
3.0976
3.09536
3.09952
3.08501
3.13176
3.09602
3.11933
3.09206
3.10182
3.0914
3.05091
3.09031
3.09452
3.10746
3.10331
3.09423
3.07727
3.08817
3.13086
3.10968
3.11761
3.06247
3.1567
3.10172
3.1023
3.09048
3.08757
3.11117
3.11312
3.09499
3.08202
3.09072
3.09612
3.10739
3.11145
3.14256
3.08961
3.09206
3.06357
3.10144
3.1343
3.10649
3.09598
3.09957
3.09527
3.10353
3.07198
3.11591
3.09291
3.11068
3.10916
3.08672
3.09394
3.1051
3.06728
3.09469
3.095
3.0856
3.1759
3.09638
3.1052
3.09798
3.12207
3.10119
3.129
3.12369
3.10343
3.09389
3.10077
3.09986
3.10395
3.12083
3.11917
3.07897
3.1207
3.09963
3.10121
3.08876
3.09407
3.0924
3.08611
3.10772
3.11012
3.1016
3.12806
3.09963
3.11736
3.08976
3.08566
3.07768
3.11348
3.01724
3.07376
3.12911
3.09494
3.10224
3.08971
3.00245
3.09658
3.11758
3.10294
3.07899
3.10267
3.09534
3.11185
3.10203
3.09249
3.10083
3.08901
3.08593
3.08771
3.16049
3.15056
3.09723
3.09773
3.04505
3.1264
3.0982
3.13696
3.08793
3.09565
3.02844
3.08926
3.08815
3.10562
3.05105
3.10406
3.08839
3.04549
3.0853
3.12635
3.09573
3.09809
3.10774
3.13865
3.09591
3.09113
3.0944
3.10293
3.10195
3.09565
3.10547
3.12741
3.04222
3.08801
3.09756
3.07945
3.11887
3.09914
3.11267
3.10901
3.17702
3.1164
3.10534
3.10614
3.10911
3.09305
3.1262
3.08986
3.08204
3.0897
3.10739
3.11763
3.11093
3.08873
3.13237
3.07193
3.10974
3.10004
3.13047
3.13554
3.11512
3.02832
3.07896
3.09118
3.09583
3.1016
3.08149
3.08405
3.10045
3.10707
3.07666
3.09637
3.09125
3.0944
3.09628
3.08532
3.13389
3.08974
3.09233
3.09214
3.07879
3.11206
3.09146
3.08925
3.08935
3.09144
3.09516
3.10036
3.16154
3.07367
3.0776
3.09937
3.09556
3.10254
3.14621
3.10647
3.127
3.13491
3.0786
3.11243
3.07268
3.10071
3.15949
3.09656
3.10119
3.10204
3.04913
3.08963
3.10405
3.09302
3.09938
3.09016
3.10191
3.09193
3.0927
3.09679
3.10092
3.10463
3.06785
3.12344
3.08066
3.10778
3.08639
3.18484
3.01117
3.10582
3.11408
3.08154
3.10345
3.06011
3.1031
3.09497
3.08391
3.10135
3.10887
3.11331
3.12831
3.03161
3.08107
3.02618
3.09291
3.15421
3.12138
3.07974
3.09411
3.10652
3.09437
3.09491
3.17042
3.08694
3.08644
3.10549
3.05231
3.12064
3.04352
3.09336
3.10133
3.0943
3.08193
3.13428
3.10231
3.10048
3.10136
3.16008
3.1084
3.08314
3.08965
3.10448
3.09026
3.08533
3.11028
3.1311
3.12681
3.07708
3.0453
3.09645
3.13894
3.10936
3.12465
3.09619
3.09407
3.08806
3.11889
3.10244
3.10457
3.09091
3.082
3.08378
3.18288
3.10663
3.05501
3.09806
3.09993
3.0416
3.10878
3.07033
3.11755
3.10442
3.09479
3.10787
3.08992
3.09263
3.11306
3.1246
3.07748
3.10427
3.09063
3.08786
3.14815
3.0883
3.09079
3.09634
3.10941
3.09648
3.11301
3.09064
3.11561
3.09575
3.10792
3.03872
3.11549
3.08189
3.10724
3.10861
3.11804
3.08368
3.15485
3.07635
3.08387
3.09743
3.09487
3.1358
3.0864
3.08832
3.0937
3.08739
3.12755
3.09386
3.08892
3.08189
3.10502
3.09994
3.09527
3.08913
3.08948
3.09812
3.09939
3.10041
3.07923
3.08472
3.09016
3.12136
3.10183
3.09718
3.13797
3.08645
3.08566
3.09605
3.0832
3.08431
3.03358
3.10594
3.09415
3.08239
3.09897
3.06732
3.09026
3.10427
3.09183
3.13194
3.08175
3.09324
3.02641
3.07718
3.12367
3.0928
3.09662
3.10803
3.09694
3.14098
3.09153
3.09364
3.04655
3.14309
3.10712
3.11027
3.08241
3.08955
3.07475
3.10833
3.08991
3.12021
3.10822
3.02864
3.12166
3.09006
3.08199
3.10233
3.11693
3.13614
3.09499
3.09443
3.07219
3.09653
3.09151
3.11694
3.09819
3.10067
3.06512
3.12831
3.09205
3.08444
3.09174
3.11656
3.10059
3.09666
3.10122
3.10206
3.09899
3.0401
3.09354
3.16298
3.15361
3.04118
3.08998
3.04344
3.0625
3.1042
3.09527
3.12135
3.01577
3.05595
3.07924
3.08458
3.11381
3.09446
3.09157
3.08369
3.10366
3.10108
3.10665
3.09187
3.09749
3.09528
3.07139
3.09241
3.10743
3.08065
3.10209
3.0872
3.09138
3.09032
3.0763
3.09823
3.12065
3.10342
3.09069
3.08084
3.09843
3.09347
3.08344
3.19195
3.11731
3.08905
3.12962
3.09097
3.10421
3.09883
3.15699
3.17628
3.10236
3.08206
3.09909
3.12634
3.09295
3.09785
3.15103
3.14012
3.09193
3.15453
3.08412
3.11188
3.10368
3.09906
3.08457
3.08226
3.10601
3.0959
3.12815
3.10697
3.03487
3.09288
3.06575
3.05779
3.09119
3.08968
3.02447
3.12949
3.0922
3.09438
3.10143
3.13071
3.07462
3.11256
3.08348
3.19682
3.10381
3.09266
3.05935
3.1092
3.04616
3.10169
3.01752
3.09228
3.0955
3.10309
3.12327
3.0641
3.1459
3.09802
3.07633
3.19094
3.08282
3.10061
3.10254
3.0963
3.09157
3.09539
3.13136
3.11763
3.10653
3.05002
3.10062
3.08211
3.12533
3.08164
3.0862
3.1016
3.10254
3.09877
3.08686
3.09191
3.09274
3.10695
3.1016
3.09755
3.1046
3.10037
3.10709
3.09821
3.08898
3.09745
3.10182
3.10343
3.17361
3.092
3.09144
3.05149
3.0019
3.12084
3.09814
3.08884
3.11139
3.0893
3.10931
3.09288
3.06389
3.12657
3.06084
3.09297
3.09693
3.10067
3.10074
3.09746
3.08647
3.1097
3.09649
3.09555
3.09044
3.09874
3.11964
3.10904
3.05583
3.10186
3.08527
3.09952
3.08798
3.10038
3.09053
3.09881
3.10766
3.1097
3.13368
3.13406
3.13868
3.09484
3.10479
3.1297
3.0737
3.09303
3.13343
3.06499
3.10487
3.09405
3.078
3.09337
3.06689
3.02179
3.10344
3.17442
3.09321
3.04634
3.09706
3.10187
3.10063
3.13764
3.09986
3.09291
3.08482
3.08822
3.08325
3.16732
3.08411
3.08877
3.09489
3.05679
3.08378
3.08998
3.1808
3.10497
3.09753
3.08856
3.09093
3.10602
3.09378
3.0954
3.10582
3.10198
3.10586
3.09764
3.09
3.06813
3.08268
3.10151
3.09677
3.12881
3.09295
3.18072
3.09407
3.1078
3.09723
3.10058
3.11177
3.08635
3.10114
3.09497
3.09829
3.19478
3.08854
3.11142
3.09347
3.11207
3.00503
3.07539
3.10999
3.08967
3.07528
3.15858
3.10965
3.09447
3.10507
3.12069
3.0936
3.08271
3.10655
3.09069
3.08208
3.09768
3.09906
3.12443
3.10798
3.0776
3.12408
3.1047
3.1054
3.09853
3.09038
3.09499
3.10408
3.09154
3.0985
3.0942
3.19439
3.10218
3.10984
3.10133
3.09789
3.10963
3.08805
3.09854
3.09364
3.10686
3.10112
3.18127
3.11406
3.09021
3.11866
3.09175
3.09121
3.09286
3.08675
3.06718
3.10287
3.10529
3.093
3.10035
3.08804
3.09539
3.09507
3.15683
3.10299
3.07783
3.1263
3.07915
3.10034
3.09825
3.10682
3.10109
3.10306
3.10069
3.10395
3.12761
3.0974
3.11579
3.09342
3.10524
3.12407
3.0691
3.10118
3.08962
3.12229
3.09406
3.10128
3.08994
3.09222
3.10797
3.10359
3.09977
3.10347
3.09436
3.02283
3.11381
3.09547
3.08749
3.11145
3.08764
3.12779
3.0834
3.10613
3.12143
3.08918
3.10265
3.10036
3.08345
3.09604
3.10315
3.10187
3.11386
3.10233
3.08174
3.09716
3.12116
3.09289
3.09699
3.16578
3.12742
3.09321
3.09203
3.11559
3.10731
3.09787
3.10952
3.13893
3.10738
3.09267
3.09334
3.10222
3.04222
3.11951
3.06832
3.10313
3.10309
3.16059
3.05292
3.0646
3.11181
3.09733
3.09702
3.08899
3.08215
3.14778
3.09917
3.09356
3.10071
3.08934
3.09114
3.18066
3.09553
3.10274
3.09837
3.13615
3.10539
3.10128
3.09346
3.09543
3.08261
3.05913
3.1071
3.10091
3.09575
3.11057
3.07371
3.09548
3.09994
3.16471
3.09963
3.12697
3.08714
3.09765
3.08901
3.072
3.09876
3.09488
3.036
3.09873
3.11436
3.15474
3.10392
3.17032
3.05258
3.03939
3.09001
3.10086
3.11469
3.09037
3.0832
3.14617
3.12916
3.10685
3.10898
3.11981
3.18346
3.10166
3.08718
3.10277
3.10102
3.09477
3.11456
3.09542
3.13053
3.10033
3.06082
3.07382
3.09204
3.09443
3.08788
3.11465
3.10422
3.09757
3.09016
3.12378
3.09978
3.10199
3.10305
3.17164
3.07832
3.09064
3.09593
3.10058
3.10525
3.09221
3.10524
3.0977
3.11952
3.07978
3.10317
3.07912
3.10703
3.07689
3.13163
3.0917
3.09967
3.09111
3.14688
3.08987
3.09242
3.1494
3.09553
3.06847
3.09219
3.10453
3.10903
3.09483
3.10556
3.19871
3.1118
3.12757
3.10261
3.10541
3.07312
3.15041
3.10898
3.0949
3.09594
3.07121
3.08302
3.09696
3.08115
3.10522
3.10086
3.08796
3.06832
3.09279
3.11185
3.11154
3.19412
3.09623
3.0937
3.14239
3.11777
3.09504
3.10233
3.07512
3.08043
3.10532
3.14481
3.12448
3.10201
3.14894
3.1093
3.125
3.10284
3.10061
3.05628
3.09211
3.10101
3.10629
3.08691
3.17377
3.10234
3.09818
3.13916
3.09017
3.09707
3.11476
3.09663
3.18311
3.09239
3.11279
3.08683
3.11896
3.08913
3.09142
3.11182
3.03674
3.09949
3.07234
3.10198
3.10867
3.10831
3.1133
3.09178
3.09413
3.09851
3.06968
3.07636
3.1066
3.08361
3.19589
3.07547
3.08803
3.0719
3.08864
3.10707
3.12889
3.10908
3.00995
3.09732
3.10633
3.1062
3.13344
3.09601
3.1222
3.09211
3.07584
3.11288
3.0917
3.07305
3.10851
3.10113
3.0852
3.10802
3.09248
3.08138
3.09414
3.09132
3.10673
3.09818
3.08359
3.16506
3.09898
3.10188
3.11379
3.09591
3.10283
3.08131
3.09318
3.0926
3.09103
3.02174
3.12335
3.10048
3.09747
3.14915
3.16135
3.09017
3.09491
3.08033
3.09435
3.09927
3.13518
3.09043
3.08824
3.11411
3.07507
3.09537
3.10318
3.04455
3.08479
3.08271
3.18681
3.10308
3.05245
3.1149
3.08014
3.11292
3.10807
3.07677
3.09312
3.14519
3.00036
3.08757
3.09583
3.11995
3.10132
3.11987
3.0604
3.09285
3.09215
3.05607
3.09301
3.08395
3.10364
3.10093
3.11004
3.10724
3.09464
3.09607
3.15037
3.09051
3.08833
3.09816
3.10554
3.09907
3.09558
3.09678
3.11135
3.10367
3.09901
3.08875
3.10183
3.10133
3.07398
3.09034
3.09324
3.06389
3.10781
3.10388
3.11282
3.07272
3.09324
3.11445
3.0962
3.08594
3.10267
3.09416
3.08202
3.14748
3.10053
3.09873
3.08612
3.17645
3.07948
3.11465
3.10245
3.08356
3.11168
3.10482
3.09637
3.09336
3.0876
3.06807
3.11074
3.0882
3.09735
3.09839
3.10507
3.06295
3.1542
3.11456
3.08331
3.099
3.13602
3.08005
3.0898
3.09646
3.10497
3.09786
3.11093
3.1074
3.116
3.18943
3.09325
3.08767
3.12966
3.09458
3.08849
3.08446
3.10345
3.0983
3.11097
3.06629
3.09455
3.09348
3.09971
3.09426
3.10237
3.09817
3.11154
3.09246
3.11613
3.09772
3.09254
3.09343
3.09285
3.09864
3.12384
3.11346
3.10132
3.08635
3.11244
3.12322
3.08736
3.10337
3.07909
3.10199
3.09379
3.10908
3.10795
3.10079
3.1049
3.10297
3.10603
3.09222
3.09498
3.08469
3.098
3.10072
3.13423
3.10947
3.09848
3.19611
3.08015
3.09997
3.09578
3.09583
3.10471
3.08663
3.07805
3.07128
3.09567
3.14523
3.12052
3.10808
3.01596
3.09224
3.10301
3.09264
3.10347
3.08551
3.12964
3.09751
3.10042
3.09878
3.08873
3.11251
3.11229
3.1006
3.11657
3.07388
3.14764
3.10076
3.14602
3.11168
3.10635
3.11845
3.09023
3.10168
3.08506
3.15225
3.07059
3.07753
3.09685
3.08885
3.15431
3.07902
3.09089
3.09872
3.05058
3.08242
3.09893
3.09222
3.10272
3.09935
3.09989
3.10688
3.13793
3.06047
3.164
3.11327
3.02898
3.10269
3.11446
3.08134
3.09276
3.10243
3.09156
3.109
3.09186
3.1018
3.10473
3.09462
3.10427
3.10995
3.1503
3.10712
3.09312
3.11333
3.13433
3.09255
3.09912
3.10854
3.09544
3.10843
3.08783
3.09376
3.05592
3.10381
3.13476
3.10249
3.09203
3.08731
3.09679
3.16261
3.10751
3.08899
3.10077
3.01822
3.08557
3.07782
3.10448
3.10575
3.0559
3.12121
3.08417
3.09102
3.08258
3.10214
3.17308
3.07946
3.1225
3.08463
3.08309
3.14695
3.11666
3.0941
3.09884
3.14439
3.1014
3.09608
3.10297
3.10065
3.11649
3.08509
3.09078
3.09697
3.06373
3.10557
3.10297
3.09471
3.10893
3.10508
3.09545
3.09813
3.09373
3.09212
3.11174
3.1123
3.07103
3.01283
3.10139
3.08143
3.02072
3.08245
3.08371
3.09785
3.12909
3.10172
3.15163
3.15423
3.13497
3.10051
3.09676
3.10573
3.11875
3.08536
3.09428
3.08724
3.09052
3.10411
3.10106
3.10749
3.0907
3.08646
3.09309
3.05504
3.08084
3.10849
3.09168
3.09882
3.09898
3.12848
3.10102
3.02462
3.0922
3.09215
3.05093
3.13756
3.11252
3.09221
3.10404
3.09441
3.09227
3.1331
3.18345
3.09623
3.10097
3.09959
3.11783
3.09329
3.0904
3.09206
3.09425
3.08095
3.09196
3.06795
3.08772
3.1912
3.0836
3.11709
3.11177
3.11513
3.09325
3.00423
3.10486
3.09379
3.07203
3.0991
3.10555
3.08845
3.10084
3.09743
3.08413
3.1043
3.13951
3.09198
3.09411
3.09387
3.09341
3.09191
3.09604
3.09974
3.14918
3.09801
3.07383
3.09747
3.0876
3.08828
3.12755
3.11093
3.10323
3.10277
3.10449
3.06217
3.11017
3.09826
3.0994
3.10223
3.09
3.11028
3.09614
3.09791
3.10952
3.06261
3.10176
3.07672
3.10507
3.03232
3.12075
3.04208
3.06284
3.0843
3.11274
3.10043
3.13646
3.11469
3.10684
3.09919
3.16034
3.10039
3.10485
3.10443
3.09094
3.09306
3.0826
3.0887
3.0972
3.15613
3.10134
3.09665
3.08928
3.07476
3.09585
3.09542
3.10753
3.06487
3.08536
3.10466
3.0637
3.10172
3.09481
3.1098
3.10574
3.09051
3.15108
3.08003
3.10334
3.09884
3.15677
3.10204
3.11323
3.09457
3.10179
3.07708
3.09809
3.09736
3.09362
3.10651
3.09707
3.09433
3.09066
3.09473
3.14247
3.09579
3.12
3.10324
3.07757
3.13432
3.09238
3.10219
3.10708
3.10506
3.09805
3.17835
3.08348
3.10362
3.08869
3.10359
3.06543
3.10545
3.14703
3.12238
3.09267
3.09962
3.10929
3.0966
3.07339
3.07778
3.16464
3.0945
3.18415
3.06829
3.08859
3.11563
3.16312
3.10732
3.09654
3.1007
3.10175
3.18349
3.08977
3.08187
3.09844
3.11087
3.10795
3.06674
3.11205
3.0897
3.10248
3.06429
3.10827
3.08686
3.08602
3.09402
3.10029
3.03331
3.11776
3.08135
3.11485
3.19003
3.09434
3.09682
3.146
3.10412
3.13434
3.08684
3.07425
3.11057
3.09008
3.07837
3.08784
3.0728
3.10306
3.09569
3.07022
3.09256
3.10105
3.07327
3.09664
3.09574
3.10917
3.07952
3.14377
3.10132
3.09752
3.10248
3.08706
3.10725
3.08072
3.09957
3.05966
3.10461
3.08945
3.08378
3.11892
3.11245
3.10345
3.09655
3.09253
3.09109
3.10351
3.09879
3.09797
3.1
3.09088
3.07753
3.09592
3.17945
3.15398
3.09805
3.19726
3.09635
3.10408
3.08514
3.08475
3.17196
3.09006
3.1074
3.10099
3.1023
3.13394
3.13768
3.09715
3.13676
3.08438
3.0949
3.18125
3.11306
3.01893
3.09253
3.14595
3.09998
3.10555
3.09315
3.04392
3.10699
3.10107
3.18265
3.09443
3.09878
3.11615
3.18543
3.09377
3.00641
3.09498
3.11189
3.1033
3.0852
3.17671
3.1016
3.09533
3.09141
3.17021
3.09995
3.10019
3.07448
3.07372
3.09966
3.19184
3.00995
3.107
3.10294
3.09824
3.08541
3.10467
3.05185
3.09707
3.07895
3.08172
3.10468
3.06796
3.09484
3.08314
3.1053
3.11386
3.09647
3.1517
3.09457
3.08794
3.11429
3.09167
3.0825
3.10753
3.11412
3.08031
3.10323
3.19648
3.09777
3.09346
3.08305
3.12266
3.11026
3.09245
3.11488
3.11761
3.10907
3.07474
3.14726
3.08999
3.09468
3.06885
3.08234
3.19942
3.09499
3.08662
3.19754
3.11569
3.11791
3.03248
3.08452
3.09
3.09992
3.07664
3.07095
3.11413
3.15648
3.07653
3.09782
3.09557
3.09278
3.09062
3.07093
3.1338
3.10468
3.12841
3.17131
3.08073
3.1065
3.0468
3.16467
3.09379
3.10682
3.10148
3.15372
3.11617
3.09603
3.09652
3.15001
3.09803
3.1046
3.09544
3.10375
3.10912
3.10894
3.19858
3.10925
3.14867
3.10324
3.09825
3.0915
3.09884
3.11728
3.02752
3.11145
3.08804
3.08951
3.10318
3.09098
3.00712
3.14387
3.09592
3.07463
3.09357
3.09538
3.08222
3.09618
3.14301
3.11338
3.04854
3.11401
3.09578
3.10179
3.12567
3.08222
3.11659
3.10369
3.11126
3.09359
3.15014
3.09895
3.06901
3.17138
3.09059
3.07413
3.0936
3.10274
3.09505
3.08395
3.08218
3.12263
3.06991
3.18387
3.08305
3.09601
3.09988
3.08839
3.08733
3.07707
3.09566
3.09968
3.08043
3.10374
3.09543
3.12779
3.07889
3.09906
3.08926
3.04225
3.01658
3.09241
3.07797
3.10707
3.16231
3.10987
3.0985
3.09489
3.17203
3.14653
3.0964
3.13605
3.10038
3.03702
3.06297
3.11938
3.08539
3.10928
3.07014
3.10194
3.19771
3.1592
3.10277
3.09822
3.11151
3.03095
3.00789
3.11003
3.12923
3.14638
3.09715
3.07537
3.08278
3.1065
3.09552
3.07774
3.14947
3.11129
3.09954
3.10275
3.12448
3.10254
3.09604
3.0957
3.09675
3.08966
3.11944
3.08423
3.06676
3.09317
3.0909
3.09861
3.10535
3.10305
3.13801
3.10062
3.10808
3.09387
3.12292
3.09574
3.06499
3.08224
3.18015
3.10186
3.18065
3.17815
3.09558
3.11116
3.10292
3.07679
3.04828
3.0992
3.08623
3.12821
3.05311
3.10315
3.11274
3.16268
3.10558
3.02056
3.10563
3.08734
3.07567
3.10637
3.11246
3.08244
3.09948
3.10613
3.01219
3.10232
3.0621
3.15062
3.08621
3.13494
3.1585
3.08628
3.10244
3.11477
3.08055
3.07671
3.11216
3.08581
3.08866
3.12634
3.09688
3.08778
3.10527
3.1511
3.0997
3.07768
3.09921
3.08776
3.0984
3.09908
3.10236
3.11979
3.10775
3.12473
3.10296
3.09267
3.09378
3.09808
3.12651
3.15491
3.16157
3.13174
3.11052
3.02963
3.09314
3.1145
3.11375
3.07021
3.09203
3.0882
3.11691
3.09186
3.08913
3.09595
3.07565
3.08285
3.1208
3.08493
3.11664
3.10624
3.12638
3.10357
3.1537
3.08315
3.10167
3.09511
3.09624
3.09299
3.10507
3.10748
3.18964
3.08986
3.10719
3.12675
3.1854
3.16427
3.09961
3.19354
3.11156
3.10161
3.01781
3.09344
3.09507
3.12108
3.08798
3.1556
3.08185
3.09853
3.08665
3.12246
3.11876
3.14192
3.09511
3.10508
3.09943
3.09802
3.05094
3.08325
3.10603
3.08893
3.14315
3.02214
3.12549
3.08495
3.13811
3.09663
3.09961
3.09459
3.08168
3.08694
3.14648
3.08217
3.09652
3.10319
3.10561
3.13078
3.09437
3.14124
3.08972
3.08011
3.09026
3.10483
3.08515
3.19271
3.09839
3.10011
3.09338
3.1039
3.11432
3.08677
3.10451
3.10763
3.10372
3.06843
3.09183
3.09822
3.11651
3.10263
3.13477
3.10241
3.16462
3.10871
3.09712
3.17778
3.13613
3.10838
3.10735
3.10425
3.09235
3.09948
3.11462
3.1054
3.12958
3.11879
3.09534
3.07181
3.10444
3.08872
3.0912
3.11966
3.08946
3.087
3.07588
3.09273
3.12062
3.0901
3.07753
3.09884
3.09248
3.18281
3.18116
3.13398
3.1385
3.07883
3.09889
3.10045
3.10667
3.03692
3.08436
3.1206
3.07667
3.09628
3.08749
3.08814
3.10278
3.06823
3.10711
3.08889
3.08989
3.0951
3.09191
3.09618
3.09552
3.05632
3.14892
3.09244
3.10266
3.07998
3.11224
3.1101
3.09763
3.09446
3.07336
3.09475
3.07037
3.06451
3.02366
3.08404
3.10311
3.11869
3.09446
3.10355
3.08964
3.0961
3.10092
3.10563
3.08776
3.0894
3.11983
3.11093
3.07682
3.11108
3.10213
3.10623
3.09178
3.09422
3.13393
3.10352
3.09689
3.02297
3.09693
3.10815
3.10645
3.10007
3.09535
3.10166
3.09414
3.09459
3.10148
3.10101
3.09359
3.09535
3.0982
3.15796
3.11138
3.09873
3.10353
3.09493
3.10554
3.182
3.07765
3.1274
3.07047
3.08876
3.09255
3.10053
3.10197
3.08058
3.19666
3.09075
3.09127
3.04169
3.09392
3.08735
3.11504
3.12154
3.11929
3.09655
3.08839
3.08621
3.1021
3.09444
3.13219
3.09893
3.13761
3.09946
3.09743
3.09882
3.10192
3.09805
3.12404
3.09856
3.12955
3.09466
3.12398
3.11504
3.10071
3.10895
3.08796
3.19518
3.17789
3.10108
3.10579
3.07782
3.11029
3.09029
3.0112
3.09399
3.09015
3.11643
3.09911
3.07112
3.08116
3.10756
3.09086
3.09674
3.12267
3.1545
3.07871
3.09186
3.07613
3.09288
3.12326
3.12152
3.03337
3.08416
3.09648
3.09752
3.08027
3.09672
3.08216
3.07069
3.1252
3.08214
3.09438
3.09846
3.10437
3.03662
3.09148
3.1014
3.09378
3.10016
3.12667
3.12733
3.10603
3.09371
3.1905
3.1043
3.10722
3.0975
3.09782
3.0986
3.09699
3.10181
3.09889
3.08223
3.1772
3.09327
3.09489
3.10862
3.10976
3.11809
3.08487
3.10187
3.09459
3.09092
3.10112
3.09159
3.08298
3.09591
3.10838
3.09827
3.09642
3.11328
3.09262
3.09316
3.09572
3.08613
3.12215
3.07553
3.16532
3.09454
3.06439
3.09595
3.09052
3.11224
3.08286
3.096
3.10548
3.09872
3.13586
3.09104
3.09645
3.10961
3.02983
3.08151
3.06638
3.10061
3.12511
3.09308
3.07727
3.09893
3.10418
3.00601
3.10621
3.09845
3.10167
3.10003
3.09506
3.10301
3.13226
3.09853
3.08637
3.09122
3.0835
3.09912
3.12264
3.06089
3.10158
3.09448
3.08379
3.10428
3.10787
3.069
3.08877
3.09796
3.08391
3.10232
3.12501
3.14649
3.14727
3.14756
3.08539
3.10773
3.11427
3.07862
3.0944
3.10109
3.09627
3.11019
3.09548
3.12264
3.09614
3.10357
3.08957
3.15592
3.08088
3.10362
3.09503
3.03136
3.1006
3.08827
3.08298
3.10599
3.18573
3.0711
3.09583
3.05267
3.09595
3.1064
3.09362
3.09992
3.0983
3.09639
3.09618
3.10736
3.08863
3.09558
3.09253
3.11374
3.12001
3.14899
3.08417
3.0904
3.15413
3.09838
3.08046
3.0715
3.09027
3.10295
3.09973
3.10281
3.10307
3.0812
3.08794
3.10145
3.09943
3.09249
3.09483
3.10624
3.10719
3.10635
3.07839
3.09909
3.09281
3.09514
3.19997
3.09468
3.11663
3.09886
3.09205
3.10291
3.09275
3.11259
3.11107
3.13811
3.10201
3.10032
3.05796
3.11422
3.04399
3.08845
3.11596
3.09819
3.0976
3.10969
3.09959
3.09172
3.10099
3.09873
3.0733
3.11282
3.08097
3.05964
3.10245
3.10099
3.0752
3.11535
3.12124
3.04038
3.0993
3.10668
3.08384
3.05726
3.09436
3.10778
3.10756
3.11543
3.09953
3.09463
3.09175
3.0901
3.07898
3.0975
3.09162
3.11184
3.1075
3.09206
3.09089
3.16006
3.11587
3.0812
3.11705
3.08859
3.08947
3.10385
3.09013
3.13346
3.13295
3.10879
3.08811
3.08846
3.09696
3.10561
3.09442
3.09098
3.09832
3.03019
3.09431
3.09732
3.10038
3.10033
3.11295
3.09498
3.12311
3.10096
3.08299
3.09824
3.12532
3.17341
3.09541
3.10624
3.09754
3.08614
3.18094
3.16217
3.09675
3.10611
3.10539
3.08418
3.11
3.09475
3.1066
3.07677
3.18988
3.14715
3.13453
3.10953
3.09282
3.10173
3.17301
3.09821
3.08902
3.09418
3.10416
3.10992
3.09994
3.10278
3.0794
3.13711
3.10495
3.09657
3.09095
3.18519
3.09562
3.09437
3.092
3.09979
3.14673
3.08557
3.11473
3.10026
3.11002
3.10044
3.11364
3.08633
3.10498
3.11517
3.0952
3.09804
3.12279
3.1008
3.09165
3.09078
3.17498
3.10175
3.09057
3.10716
3.09261
3.08932
3.08961
3.08973
3.09644
3.09226
3.12219
3.08872
3.09982
3.09999
3.10327
3.11497
3.09078
3.13563
3.09545
3.10233
3.10527
3.10594
3.10109
3.15822
3.08241
3.1187
3.12894
3.09626
3.08453
3.08721
3.08978
3.18713
3.08924
3.1108
3.10271
3.09692
3.09744
3.08565
3.08545
3.06605
3.09359
3.08418
3.09639
3.15924
3.09859
3.10806
3.09667
3.11202
3.07349
3.10836
3.17535
3.08229
3.08299
3.09616
3.10116
3.09656
3.11018
3.09572
3.08236
3.09929
3.10967
3.14626
3.08152
3.11437
3.1025
3.09162
3.12786
3.11457
3.09248
3.14961
3.15589
3.08209
3.10111
3.09943
3.17122
3.08153
3.08998
3.08954
3.19515
3.14388
3.13551
3.10387
3.06549
3.09238
3.10623
3.06593
3.08332
3.13606
3.08721
3.11061
3.12047
3.06905
3.10274
3.08689
3.09089
3.04904
3.10146
3.0891
3.08662
3.11123
3.11135
3.0997
3.08543
3.1781
3.09082
3.13458
3.09858
3.09668
3.10795
3.04381
3.1052
3.09112
3.10061
3.16551
3.08499
3.14384
3.11551
3.10739
3.10557
3.09731
3.09687
3.0943
3.10309
3.0971
3.12156
3.15579
3.06392
3.08882
3.066
3.09035
3.08842
3.09453
3.10373
3.09756
3.14779
3.10093
3.094
3.09105
3.09683
3.19391
3.08839
3.16286
3.11381
3.10415
3.1322
3.10258
3.11558
3.10657
3.10043
3.10642
3.09686
3.11616
3.09601
3.1
3.10803
3.03914
3.10226
3.09148
3.10945
3.10813
3.10887
3.08598
3.08774
3.06473
3.10316
3.1174
3.10137
3.16712
3.10745
3.10987
3.10712
3.08841
3.08083
3.09348
3.11384
3.12607
3.09644
3.09629
3.10567
3.10079
3.10614
3.10169
3.10222
3.09884
3.0798
3.07788
3.10042
3.11442
3.11271
3.09758
3.08601
3.0976
3.11003
3.03908
3.0866
3.12769
3.10655
3.08513
3.09476
3.19523
3.09315
3.08806
3.08144
3.08811
3.18765
3.10114
3.07768
3.11043
3.09697
3.10022
3.13261
3.10808
3.02912
3.09184
3.11891
3.0986
3.10274
3.10416
3.10478
3.12527
3.08634
3.09842
3.12836
3.10079
3.08431
3.08935
3.09844
3.17379
3.10519
3.08303
3.09251
3.05893
3.11811
3.18067
3.03862
3.06335
3.09477
3.09584
3.1049
3.10279
3.11022
3.09504
3.10062
3.05553
3.01084
3.09713
3.09951
3.11505
3.09024
3.07741
3.07162
3.02741
3.0662
3.09247
3.13475
3.09506
3.15551
3.18132
3.11434
3.06779
3.10905
3.0896
3.19609
3.08765
3.14243
3.08981
3.09256
3.15051
3.09287
3.15184
3.10091
3.14661
3.13613
3.10555
3.07358
3.09013
3.10734
3.09823
3.07076
3.09956
3.08761
3.0857
3.07757
3.08113
3.11928
3.09862
3.09733
3.08769
3.09384
3.08653
3.11649
3.11325
3.05495
3.1118
3.08751
3.08189
3.08777
3.08154
3.09911
3.10179
3.10273
3.12067
3.10972
3.10424
3.10032
3.10766
3.09598
3.18983
3.19172
3.08395
3.08328
3.10317
3.14692
3.05724
3.06082
3.17056
3.12134
3.1129
3.10383
3.06735
3.08666
3.09205
3.11079
3.10651
3.10543
3.09198
3.08909
3.09927
3.10378
3.189
3.069
3.10862
3.10996
3.10471
3.09867
3.10886
3.10618
3.0829
3.10561
3.07878
3.10195
3.09913
3.10005
3.17665
3.08613
3.09941
3.08397
3.05176
3.14804
3.09113
3.07957
3.11069
3.09525
3.08836
3.08933
3.19078
3.11272
3.09656
3.10134
3.1041
3.08686
3.16539
3.1007
3.1148
3.04154
3.12261
3.10468
3.07702
3.16718
3.10744
3.12863
3.0968
3.08823
3.14303
3.12147
3.09339
3.09168
3.11898
3.11857
3.08041
3.09668
3.08734
3.10201
3.06754
3.10355
3.09038
3.17079
3.09244
3.19406
3.1121
3.09916
3.09549
3.09036
3.09328
3.09639
3.09328
3.1183
3.08719
3.10501
3.0794
3.08987
3.08345
3.09506
3.10648
3.05278
3.00999
3.12912
3.11351
3.09438
3.10547
3.09201
3.09381
3.1012
3.10507
3.09965
3.10428
3.15704
3.07242
3.09235
3.0944
3.09049
3.07348
3.09327
3.09873
3.04796
3.10311
3.08919
3.13715
3.10427
3.10928
3.10591
3.09402
3.10117
3.1236
3.10795
3.09561
3.09427
3.10305
3.09653
3.10241
3.09509
3.09547
3.0513
3.09843
3.08959
3.13046
3.1689
3.15956
3.06379
3.01129
3.10723
3.072
3.09966
3.18317
3.09949
3.08417
3.1772
3.11047
3.09306
3.10577
3.09818
3.09365
3.16459
3.09701
3.10803
3.09682
3.08712
3.03948
3.04983
3.07478
3.07846
3.08967
3.09754
3.11675
3.07516
3.11633
3.09287
3.09232
3.09878
3.10017
3.03618
3.09111
3.14144
3.09527
3.08329
3.09384
3.0803
3.10243
3.0927
3.0898
3.09226
3.10444
3.10064
3.05747
3.09856
3.09716
3.09278
3.16637
3.11612
3.08242
3.07527
3.09167
3.0994
3.12093
3.11297
3.18155
3.09795
3.11161
3.08961
3.10026
3.08476
3.09945
3.08813
3.08786
3.10463
3.18237
3.10487
3.09005
3.09665
3.10742
3.17694
3.10272
3.12677
3.10532
3.10088
3.06924
3.15813
3.09362
3.09424
3.08918
3.10812
3.07442
3.11093
3.10405
3.10022
3.08129
3.10731
3.09381
3.08544
3.0824
3.08089
3.07523
3.09287
3.12371
3.1402
3.12122
3.08124
3.10277
3.08288
3.10307
3.10324
3.0927
3.10752
3.11982
3.10695
3.1267
3.09542
3.10092
3.09846
3.15611
3.09673
3.10032
3.09733
3.10018
3.09681
3.10168
3.10144
3.13101
3.09366
3.19406
3.09347
3.09528
3.07094
3.1042
3.11232
3.11927
3.09406
3.07072
3.05991
3.10004
3.06831
3.08865
3.09666
3.10205
3.09629
3.09545
3.10259
3.08974
3.12748
3.07194
3.09442
3.0907
3.10654
3.13241
3.0962
3.09686
3.02753
3.10194
3.08605
3.09158
3.08938
3.09901
3.10256
3.0879
3.08449
3.09018
3.10717
3.09173
3.08894
3.09677
3.08365
3.09113
3.10962
3.11344
3.10141
3.09482
3.09123
3.09488
3.09653
3.09147
3.10956
3.10047
3.11859
3.08312
3.11558
3.12501
3.08731
3.09577
3.09142
3.11363
3.09595
3.0882
3.08723
3.17933
3.0945
3.09685
3.09402
3.10241
3.08046
3.09008
3.0896
3.11066
3.08257
3.09051
3.09425
3.08833
3.08236
3.08316
3.12649
3.10796
3.09542
3.0135
3.10459
3.09061
3.10355
3.08913
3.1113
3.05749
3.10158
3.10487
3.09231
3.12914
3.16644
3.0873
3.10507
3.11665
3.0955
3.10395
3.05573
3.10844
3.10322
3.10239
3.09432
3.08473
3.05348
3.0995
3.11479
3.09899
3.09852
3.09241
3.11823
3.11153
3.10409
3.08837
3.07924
3.11128
3.11314
3.10232
3.09678
3.11764
3.11208
3.11632
3.09921
3.11246
3.0412
3.09862
3.08575
3.10017
3.08697
3.088
3.09771
3.10415
3.10096
3.0963
3.11927
3.07223
3.09288
3.0994
3.09217
3.08678
3.10462
3.16877
3.10622
3.05371
3.18135
3.15782
3.09277
3.10084
3.09367
3.08983
3.09064
3.0973
3.05958
3.10366
3.15453
3.10656
3.10142
3.10402
3.05889
3.08524
3.11193
3.09038
3.10602
3.08381
3.04287
3.17625
3.08931
3.07906
3.10001
3.05634
3.10565
3.10922
3.10512
3.17289
3.1759
3.09683
3.09768
3.10347
3.08951
3.10509
3.09122
3.11435
3.09234
3.10136
3.14455
3.11183
3.10663
3.09819
3.15298
3.18439
3.15426
3.1181
3.09037
3.17244
3.09772
3.09524
3.11087
3.10349
3.11027
3.10354
3.0686
3.12492
3.09482
3.0881
3.10369
3.09807
3.09719
3.09364
3.11902
3.14233
3.08396
3.07945
3.09333
3.07778
3.08176
3.10308
3.11631
3.10894
3.07026
3.11687
3.09272
3.07683
3.10898
3.09977
3.11922
3.10446
3.09768
3.1076
3.17791
3.08494
3.09109
3.10458
3.09959
3.09904
3.10886
3.08801
3.08822
3.09819
3.08551
3.08654
3.02409
3.07783
3.08826
3.13715
3.13616
3.11698
3.0967
3.07491
3.09528
3.07796
3.1245
3.07351
3.07917
3.10162
3.11127
3.08917
3.09412
3.09098
3.10624
3.08681
3.09739
3.08903
3.11563
3.11508
3.116
3.10279
3.10981
3.10634
3.10047
3.09666
3.09123
3.09176
3.09713
3.08495
3.12083
3.06517
3.0882
3.16637
3.09962
3.16848
3.09222
3.16067
3.09018
3.09884
3.10879
3.10327
3.09354
3.09748
3.09912
3.09634
3.0506
3.08464
3.05255
3.08792
3.10426
3.10449
3.08183
3.0929
3.08682
3.04971
3.17259
3.17652
3.07781
3.12377
3.09032
3.09554
3.08678
3.09033
3.09107
3.14526
3.10027
3.09268
3.08281
3.05863
3.06482
3.10826
3.10193
3.10918
3.10539
3.09526
3.10289
3.10195
3.10109
3.08516
3.09353
3.05812
3.11855
3.09713
3.09536
3.09471
3.16184
3.09561
3.09279
3.09683
3.11236
3.15447
3.09102
3.10994
3.10867
3.10281
3.13722
3.11021
3.10039
3.10064
3.10017
3.06639
3.10492
3.09385
3.10459
3.10426
3.08009
3.1458
3.13281
3.09853
3.09195
3.10723
3.09323
3.12194
3.09878
3.09893
3.12499
3.09651
3.09736
3.10011
3.10473
3.08449
3.08978
3.10268
3.10148
3.0978
3.10266
3.103
3.10669
3.11102
3.10126
3.09756
3.14171
3.10497
3.07676
3.1025
3.14108
3.1161
3.09171
3.06386
3.09643
3.10067
3.17548
3.10642
3.11013
3.10476
3.06336
3.15667
3.18582
3.10021
3.10742
3.10598
3.10388
3.12489
3.09705
3.13857
3.09882
3.10433
3.15889
3.10089
3.10701
3.05069
3.09657
3.07506
3.10226
3.0973
3.10292
3.0861
3.11659
3.09603
3.16816
3.10447
3.16361
3.09308
3.10281
3.08967
3.09909
3.09838
3.07034
3.08532
3.08984
3.09725
3.19974
3.09393
3.08867
3.10806
3.09364
3.09911
3.10132
3.04808
3.09036
3.10044
3.03554
3.09102
3.06952
3.07653
3.12318
3.08723
3.09505
3.05663
3.13209
3.08155
3.10139
3.07735
3.13992
3.10806
3.07771
3.11354
3.06134
3.1276
3.08972
3.11653
3.0725
3.10912
3.10277
3.09381
3.09247
3.13008
3.09363
3.08125
3.09896
3.09235
3.18654
3.13141
3.13438
3.10325
3.08889
3.11335
3.10437
3.00153
3.10048
3.0952
3.09234
3.10735
3.07873
3.07732
3.09489
3.11487
3.09706
3.09243
3.08235
3.08641
3.10141
3.10925
3.07398
3.09174
3.1016
3.0735
3.16689
3.10021
3.0781
3.09145
3.07987
3.09945
3.10715
3.10967
3.10247
3.13792
3.1982
3.09275
3.11969
3.0949
3.10788
3.09769
3.09854
3.1218
3.09634
3.08545
3.18027
3.09368
3.03187
3.11779
3.03877
3.11609
3.09115
3.08196
3.04314
3.16159
3.10524
3.10315
3.09295
3.14363
3.11303
3.09152
3.09961
3.11418
3.09138
3.09028
3.10041
3.0828
3.09747
3.09989
3.08849
3.10495
3.10393
3.10153
3.09855
3.09573
3.12358
3.09152
3.10536
3.09203
3.1028
3.09838
3.17817
3.0965
3.0933
3.1081
3.09099
3.11449
3.08799
3.09701
3.05349
3.09214
3.12017
3.11654
3.1029
3.09871
3.08532
3.18178
3.11262
3.10375
3.10425
3.10427
3.03786
3.1198
3.08977
3.09722
3.19818
3.095
3.08827
3.09552
3.09844
3.12732
3.06778
3.10675
3.07519
3.11822
3.10503
3.09522
3.08403
3.13731
3.13083
3.09574
3.08643
3.08789
3.11884
3.10091
3.088
3.10477
3.04105
3.09387
3.12485
3.15966
3.18185
3.09836
3.14723
3.09675
3.08894
3.04893
3.08373
3.1088
3.08474
3.09828
3.09722
3.10996
3.06923
3.09508
3.09875
3.08038
3.09578
3.1194
3.07931
3.082
3.1315
3.07895
3.0907
3.10336
3.10254
3.11653
3.10202
3.08196
3.1104
3.18433
3.09699
3.11571
3.07845
3.08871
3.0773
3.09392
3.1003
3.10381
3.07707
3.16762
3.09767
3.09228
3.10405
3.10641
3.09152
3.0941
3.0902
3.17097
3.16508
3.10799
3.1194
3.14234
3.08412
3.09499
3.04063
3.08406
3.0879
3.09979
3.09857
3.07932
3.09336
3.09665
3.11268
3.09942
3.10619
3.09095
3.10236
3.11131
3.10504
3.09071
3.06495
3.03193
3.08481
3.05625
3.14341
3.02871
3.09871
3.07881
3.1132
3.11077
3.09191
3.18141
3.0874
3.09725
3.08519
3.09912
3.06571
3.10648
3.0885
3.12149
3.09848
3.1243
3.09498
3.09414
3.10107
3.0599
3.15279
3.09261
3.08956
3.11586
3.10008
3.08964
3.10239
3.12107
3.03643
3.10065
3.10589
3.08524
3.09762
3.06409
3.11026
3.09391
3.15473
3.08503
3.18449
3.19836
3.1127
3.10068
3.10238
3.10426
3.07076
3.09725
3.09912
3.09148
3.08656
3.1329
3.09127
3.10155
3.12552
3.11435
3.07552
3.09644
3.09196
3.09977
3.11019
3.07391
3.14081
3.11917
3.10865
3.08642
3.09551
3.0966
3.11425
3.15353
3.10411
3.1206
3.09768
3.08926
3.08575
3.09865
3.16039
3.10412
3.09665
3.10742
3.11533
3.09583
3.08709
3.15585
3.10387
3.19288
3.08598
3.09698
3.10417
3.108
3.06078
3.08806
3.02215
3.09662
3.10018
3.06549
3.09239
3.08798
3.08794
3.11407
3.09501
3.07997
3.12788
3.18589
3.10669
3.08639
3.09192
3.10541
3.10555
3.0887
3.12464
3.09538
3.10736
3.10007
3.01117
3.09688
3.10405
3.10688
3.10004
3.14671
3.09047
3.10552
3.08774
3.09379
3.11078
3.11578
3.06255
3.09489
3.10082
3.13048
3.07419
3.09439
3.09836
3.08122
3.0711
3.09894
3.10013
3.09488
3.10338
3.09555
3.09591
3.10334
3.09311
3.08147
3.0989
3.12783
3.02588
3.06809
3.10118
3.09336
3.09627
3.10357
3.08407
3.08838
3.07559
3.13163
3.0906
3.06495
3.0817
3.10637
3.08769
3.10601
3.10713
3.11178
3.08408
3.09578
3.12247
3.0949
3.10763
3.09329
3.09361
3.09658
3.09506
3.09936
3.10291
3.12856
3.09568
3.08867
3.08872
3.09651
3.08178
3.08676
3.12012
3.10742
3.08905
3.07365
3.09512
3.03718
3.15447
3.15128
3.09918
3.11985
3.10497
3.09831
3.10047
3.0841
3.10583
3.10556
3.07539
3.11713
3.09766
3.10288
3.10321
3.09255
3.11717
3.10041
3.09992
3.09544
3.10826
3.09241
3.09944
3.07602
3.08438
3.14089
3.10326
3.07093
3.09318
3.14053
3.08999
3.10398
3.08238
3.09615
3.09587
3.11195
3.08441
3.09608
3.03716
3.09091
3.08655
3.09384
3.10625
3.09554
3.10079
3.11885
3.17691
3.09273
3.10264
3.09645
3.10489
3.09809
3.09373
3.12172
3.19602
3.09946
3.08721
3.1191
3.09383
3.1207
3.09992
3.10892
3.09821
3.18269
3.09592
3.10372
3.09302
3.15682
3.09525
3.09533
3.11813
3.17878
3.10637
3.10125
3.09008
3.09974
3.17241
3.00767
3.10603
3.09885
3.09952
3.05784
3.12523
3.09748
3.08816
3.09143
3.09281
3.08814
3.08341
3.09286
3.10574
3.07378
3.09361
3.02864
3.11032
3.09081
3.09343
3.19737
3.05056
3.09754
3.09792
3.10613
3.0927
3.11507
3.10786
3.09638
3.08357
3.10901
3.08929
3.09615
3.08739
3.10298
3.07486
3.15852
3.09504
3.15635
3.09775
3.09412
3.08561
3.05206
3.12336
3.09031
3.09807
3.09678
3.05198
3.12742
3.09584
3.10688
3.06545
3.17081
3.09694
3.11273
3.11178
3.1001
3.11908
3.06445
3.09813
3.0982
3.08931
3.09662
3.09209
3.09576
3.11319
3.09312
3.10929
3.09204
3.1177
3.09394
3.08087
3.16228
3.06587
3.08883
3.10449
3.09908
3.10847
3.09989
3.09629
3.12486
3.10417
3.09868
3.16228
3.08403
3.17298
3.09051
3.10264
3.14275
3.10108
3.13442
3.11112
3.15313
3.12118
3.10256
3.19121
3.09004
3.09655
3.11729
3.19445
3.1063
3.09639
3.11021
3.082
3.10051
3.10246
3.10024
3.10421
3.08427
3.10165
3.08037
3.11628
3.10666
3.09521
3.09344
3.07486
3.07787
3.16043
3.19339
3.08912
3.09615
3.12095
3.09491
3.09146
3.10185
3.09888
3.09667
3.08456
3.16062
3.11443
3.09752
3.10209
3.11155
3.1059
3.09808
3.12682
3.09608
3.10264
3.09445
3.11663
3.13618
3.10964
3.16889
3.10973
3.08573
3.08961
3.08416
3.096
3.04736
3.10063
3.10614
3.11301
3.08861
3.14575
3.08932
3.19046
3.09534
3.15424
3.08893
3.16798
3.1008
3.09588
3.07768
3.09826
3.10635
3.18933
3.09803
3.10457
3.11019
3.07316
3.10113
3.08616
3.08064
3.01146
3.10138
3.09441
3.08741
3.10149
3.09707
3.10351
3.08765
3.10218
3.1086
3.10667
3.09697
3.08837
3.1009
3.10913
3.10104
3.105
3.08996
3.0924
3.06027
3.06134
3.08775
3.08552
3.08965
3.1063
3.1135
3.18844
3.09913
3.09045
3.10286
3.09336
3.08893
3.09551
3.09482
3.09793
3.10128
3.09517
3.09169
3.10745
3.10119
3.19761
3.09398
3.10102
3.11167
3.12052
3.09778
3.08223
3.12382
3.09172
3.0991
3.13133
3.10548
3.119
3.08592
3.11456
3.10026
3.09738
3.10264
3.09866
3.11744
3.10714
3.1412
3.10961
3.11124
3.08861
3.0932
3.10275
3.08725
3.08933
3.09425
3.09529
3.08879
3.11848
3.09443
3.00127
3.12993
3.12812
3.10399
3.10053
3.09355
3.11045
3.11404
3.05716
3.11443
3.06649
3.09238
3.10677
3.0836
3.1172
3.09837
3.09384
3.09344
3.09516
3.09067
3.08916
3.07568
3.09891
3.08947
3.11727
3.09018
3.11393
3.10553
3.10573
3.08515
3.08847
3.16606
3.1037
3.09712
3.10049
3.09313
3.01891
3.10353
3.0947
3.06686
3.15642
3.10968
3.08925
3.06805
3.09807
3.09806
3.09315
3.03988
3.10413
3.09956
3.08257
3.10953
3.0979
3.09736
3.10173
3.10488
3.1044
3.09352
3.09386
3.1081
3.09465
3.11533
3.07692
3.10492
3.08658
3.09745
3.0863
3.125
3.08299
3.10484
3.08294
3.0983
3.11313
3.07435
3.10488
3.09689
3.13317
3.04534
3.09716
3.06379
3.09364
3.15143
3.09212
3.09187
3.12796
3.13774
3.08569
3.08399
3.08194
3.08346
3.10393
3.07619
